0.000000 0.000000
0.250000 0.133519
0.500000 0.139746
0.750000 4.070252
1.000000 4.076479
1.250000 4.082706
1.500000 4.088933
1.750000 4.095160
2.000000 4.101387
2.250000 4.107614
2.500000 4.113841
2.750000 4.120068
3.000000 4.126295
3.250000 4.132522
3.500000 4.138749
3.750000 4.144976
4.000000 4.151203
4.250000 4.157430
4.500000 4.163657
4.750000 4.169884
5.000000 4.176111
5.250000 4.182338
5.500000 4.188565
5.750000 4.194792
6.000000 4.201019
6.250000 4.207246
6.500000 4.213473
6.750000 4.219700
7.000000 4.225927
7.250000 4.232154
7.500000 4.238381
7.750000 4.244608
8.000000 4.250835
8.250000 4.257062
8.500000 4.263289
8.750000 4.269516
9.000000 4.275743
9.250000 4.281970
9.500000 4.288197
9.750000 4.294424
10.000000 4.300651
10.250000 4.306878
10.500000 4.313105
10.750000 4.319332
11.000000 4.325559
11.250000 4.331786
11.500000 4.338013
11.750000 4.344240
12.000000 4.350467
12.250000 4.356694
