0.000000 0.000000
0.250000 0.132294
0.500000 0.141628
0.750000 0.150962
1.000000 0.160296
1.250000 0.169630
1.500000 0.178964
1.750000 0.188298
2.000000 0.197632
2.250000 0.206966
2.500000 0.216300
2.750000 0.225634
3.000000 0.234968
3.250000 0.244302
3.500000 0.253636
3.750000 0.262970
4.000000 0.272304
4.250000 0.281638
4.500000 0.290972
4.750000 0.300306
5.000000 0.309640
5.250000 0.318974
5.500000 0.328308
5.750000 0.337642
6.000000 0.346976
6.250000 0.356310
6.500000 0.365644
6.750000 0.374978
7.000000 0.384312
7.250000 0.393646
7.500000 0.402980
7.750000 0.412314
8.000000 0.421648
8.250000 0.430982
8.500000 0.440316
8.750000 0.449650
9.000000 0.458984
9.250000 0.468318
9.500000 0.477652
9.750000 0.486986
10.000000 0.496320
10.250000 0.505654
10.500000 0.514988
10.750000 0.524322
11.000000 0.533656
11.250000 0.542990
11.500000 0.552324
11.750000 0.561658
12.000000 0.570992
12.250000 0.580326
