0.004795 0.689897
6.512302 0.294328
6.746870 0.018803
16.911746 0.641600
17.205270 0.616401
17.518502 0.687887
17.881856 0.667387
18.290370 0.615736
18.643825 0.666121
19.048979 0.663865
19.427160 0.653570
19.773343 0.626139
20.089521 0.761376
20.434990 0.606064
20.865890 0.599168
21.163360 0.610581
21.518479 0.617867
21.885925 0.650133
22.262395 0.651963
22.667852 0.719557
23.030867 0.540566
23.402388 0.664640
23.771577 0.553180
24.148455 0.520848
24.664267 0.667981
25.125965 0.736114
25.464962 0.611549
25.798678 0.695530
26.197422 0.605164
26.584159 0.733327
27.037502 0.624940
27.424777 0.593140
27.759373 0.518843
28.094134 0.556126
28.612530 0.687591
29.048890 0.603268
29.485369 0.191657
31.063713 0.630130
31.409579 0.643944
31.760129 0.631472
32.125096 0.610933
32.476406 0.675716
32.763794 0.580516
33.145708 0.672464
33.475233 0.618163
33.842467 0.717779
34.139366 0.136548
35.880545 0.273854
37.152451 0.107988
38.841371 0.125761
40.903830 0.646158
41.277813 0.673062
41.620765 0.671016
41.970848 0.651090
42.317990 0.625944
42.687656 0.048872
47.943480 0.635547
48.327285 0.660627
48.673596 0.692969
49.068022 0.292168
49.943902 0.612768
50.316879 0.535768
50.590009 0.099263
52.902287 0.689813
53.399491 0.604885
53.966833 0.089746
57.396874 0.640394
57.750229 0.632923
58.118490 0.676413
58.492315 0.601464
58.876638 0.596628
59.275636 0.644670
59.639206 0.690585
60.037799 0.666984
60.425146 0.570625
60.841641 0.688422
61.239346 0.568651
61.591617 0.599790
61.967248 0.635848
62.344079 0.655222
62.783248 0.673638
63.144806 0.598382
63.540595 0.148478
65.329329 0.622684
65.759222 0.581773
66.147648 0.661174
66.370239 0.707833
66.795691 0.605277
67.226356 0.199471
68.758860 0.307649
69.992963 0.178282
