0.000000 0.000000
0.250000 0.008399
0.500000 0.008399
0.750000 0.008399
1.000000 0.008399
1.250000 0.008399
1.500000 0.008399
1.750000 0.008399
2.000000 0.008399
2.250000 0.008399
2.500000 0.008399
2.750000 0.008399
3.000000 0.008399
3.250000 0.008399
3.500000 0.008399
3.750000 0.008399
4.000000 0.008399
4.250000 0.008399
4.500000 0.008399
4.750000 0.008399
5.000000 0.008399
5.250000 0.008399
5.500000 0.008399
5.750000 0.008399
6.000000 0.008399
6.250000 0.008399
6.500000 0.008399
6.750000 0.008399
7.000000 0.008399
7.250000 0.008399
7.500000 0.008399
7.750000 0.008399
8.000000 0.008399
8.250000 0.008399
8.500000 0.008399
8.750000 0.008399
9.000000 0.008399
9.250000 0.008399
9.500000 0.008399
9.750000 0.008399
10.000000 0.008399
10.250000 0.008399
10.500000 0.008399
10.750000 0.008399
11.000000 0.008399
11.250000 0.008399
11.500000 0.008399
11.750000 0.008399
12.000000 0.008399
12.250000 0.008399
12.500000 0.008399
12.750000 0.008399
13.000000 0.008399
13.250000 0.008399
13.500000 0.008399
13.750000 0.008399
14.000000 0.008399
14.250000 0.008399
14.500000 0.008399
14.750000 0.008399
15.000000 0.008399
15.250000 0.008399
15.500000 0.008399
15.750000 0.008399
16.000000 0.008399
16.250000 0.008399
16.500000 0.008399
16.750000 0.008399
17.000000 0.008399
17.250000 0.008399
17.500000 0.008399
17.750000 0.008399
18.000000 0.008399
18.250000 0.008399
18.500000 0.008399
18.750000 0.008399
19.000000 0.008399
19.250000 0.008399
19.500000 0.008399
19.750000 0.008399
20.000000 0.008399
20.250000 0.008399
20.500000 0.008399
20.750000 0.008399
21.000000 0.008399
21.250000 0.008399
21.500000 0.008399
21.750000 0.008399
22.000000 0.008399
22.250000 0.008399
22.500000 0.008399
22.750000 0.008399
23.000000 0.008399
23.250000 0.008399
23.500000 0.008399
23.750000 0.008399
24.000000 0.008399
24.250000 0.008399
24.500000 0.008399
24.750000 0.008399
25.000000 0.008399
25.250000 0.008399
25.500000 0.008399
25.750000 0.008399
26.000000 0.008399
26.250000 0.008399
26.500000 0.008399
26.750000 0.008399
27.000000 0.008399
27.250000 0.008399
27.500000 0.008399
27.750000 0.008399
28.000000 0.008399
28.250000 0.008399
28.500000 0.008399
28.750000 0.008399
29.000000 0.008399
29.250000 0.008399
29.500000 0.008399
29.750000 0.008399
30.000000 0.008399
30.250000 0.008399
30.500000 0.008399
30.750000 0.008399
31.000000 0.008399
31.250000 0.008399
31.500000 0.008399
31.750000 0.008399
32.000000 0.008399
32.250000 0.008399
32.500000 0.008399
32.750000 0.008399
33.000000 0.008399
33.250000 0.008399
33.500000 0.008399
33.750000 0.008399
34.000000 0.008399
34.250000 0.008399
34.500000 0.008399
34.750000 0.008399
35.000000 0.008399
35.250000 0.008399
35.500000 0.008399
35.750000 0.008399
36.000000 0.008399
36.250000 0.008399
36.500000 0.008399
36.750000 0.008399
37.000000 0.008399
37.250000 0.008399
37.500000 0.008399
37.750000 0.008399
38.000000 0.008399
38.250000 0.008399
38.500000 0.008399
38.750000 0.008399
39.000000 0.008399
39.250000 0.008399
39.500000 0.008399
39.750000 0.008399
40.000000 0.008399
40.250000 0.008399
40.500000 0.008399
40.750000 0.008399
41.000000 0.008399
41.250000 0.008399
41.500000 0.008399
41.750000 0.008399
42.000000 0.008399
42.250000 0.008399
42.500000 0.008399
42.750000 0.008399
43.000000 0.008399
43.250000 0.008399
43.500000 0.008399
43.750000 0.008399
44.000000 0.008399
44.250000 0.008399
44.500000 0.008399
44.750000 0.008399
45.000000 0.008399
45.250000 0.008399
45.500000 0.008399
45.750000 0.008399
46.000000 0.008399
46.250000 0.008399
46.500000 0.008399
46.750000 0.008399
47.000000 0.008399
47.250000 0.008399
47.500000 0.008399
47.750000 0.008399
48.000000 0.008399
48.250000 0.008399
48.500000 0.008399
48.750000 0.008399
49.000000 0.008399
49.250000 0.008399
49.500000 0.008399
49.750000 0.008399
50.000000 0.008399
50.250000 0.008399
50.500000 0.008399
50.750000 0.008399
51.000000 0.008399
51.250000 0.008399
51.500000 0.008399
51.750000 0.008399
52.000000 0.008399
52.250000 0.008399
52.500000 0.008399
52.750000 0.008399
53.000000 0.008399
53.250000 0.008399
53.500000 0.008399
53.750000 0.008399
54.000000 0.008399
54.250000 0.008399
54.500000 0.008399
54.750000 0.008399
55.000000 0.008399
55.250000 0.008399
55.500000 0.008399
55.750000 0.008399
56.000000 0.008399
56.250000 0.008399
56.500000 0.008399
56.750000 0.008399
57.000000 0.008399
57.250000 0.008399
57.500000 0.008399
57.750000 0.008399
58.000000 0.008399
58.250000 0.008399
58.500000 0.008399
58.750000 0.008399
59.000000 0.008399
59.250000 0.008399
59.500000 0.008399
59.750000 0.008399
60.000000 0.008399
60.250000 0.008399
60.500000 0.008399
60.750000 0.008399
61.000000 0.008399
61.250000 0.008399
61.500000 0.008399
61.750000 0.008399
62.000000 0.008399
62.250000 0.008399
62.500000 0.008399
62.750000 0.008399
63.000000 0.008399
63.250000 0.008399
63.500000 0.008399
63.750000 0.008399
64.000000 0.008399
64.250000 0.008399
64.500000 0.008399
64.750000 0.008399
65.000000 0.008399
65.250000 0.008399
65.500000 0.008399
65.750000 0.008399
66.000000 0.008399
66.250000 0.008399
66.500000 0.008399
66.750000 0.008399
67.000000 0.008399
67.250000 0.008399
67.500000 0.008399
67.750000 0.008399
68.000000 0.008399
68.250000 0.008399
68.500000 0.008399
68.750000 0.008399
69.000000 0.008399
69.250000 0.008399
69.500000 0.008399
69.750000 0.008399
70.000000 0.008399
70.250000 0.008399
70.500000 0.008399
70.750000 0.008399
71.000000 0.008399
71.250000 0.008399
71.500000 0.008399
71.750000 0.008399
72.000000 0.008399
72.250000 0.008399
72.500000 0.008399
72.750000 0.008399
73.000000 0.008399
73.250000 0.008399
73.500000 0.008399
73.750000 0.008399
74.000000 0.008399
74.250000 0.008399
74.500000 0.008399
74.750000 0.008399
75.000000 0.008399
75.250000 0.008399
75.500000 0.008399
75.750000 0.008399
76.000000 0.008399
76.250000 0.008399
76.500000 0.008399
76.750000 0.008399
77.000000 0.008399
77.250000 0.008399
77.500000 0.008399
77.750000 0.008399
78.000000 0.008399
78.250000 0.008399
78.500000 0.008399
78.750000 0.008399
79.000000 0.008399
79.250000 0.008399
79.500000 0.008399
79.750000 0.008399
80.000000 0.008399
80.250000 0.008399
80.500000 0.008399
80.750000 0.008399
81.000000 0.008399
81.250000 0.008399
81.500000 0.008399
81.750000 0.008399
82.000000 0.008399
82.250000 0.008399
82.500000 0.008399
82.750000 0.008399
83.000000 0.008399
83.250000 0.008399
83.500000 0.008399
83.750000 0.008399
84.000000 0.008399
84.250000 0.008399
84.500000 0.008399
84.750000 0.008399
85.000000 0.008399
85.250000 0.008399
85.500000 0.008399
85.750000 0.008399
86.000000 0.008399
86.250000 0.008399
86.500000 0.008399
86.750000 0.008399
87.000000 0.008399
87.250000 0.008399
87.500000 0.008399
87.750000 0.008399
88.000000 0.008399
88.250000 0.008399
88.500000 0.008399
88.750000 0.008399
89.000000 0.008399
89.250000 0.008399
89.500000 0.008399
89.750000 0.008399
90.000000 0.008399
90.250000 0.008399
90.500000 0.008399
90.750000 0.008399
91.000000 0.008399
91.250000 0.008399
91.500000 0.008399
91.750000 0.008399
92.000000 0.008399
92.250000 0.008399
92.500000 0.008399
92.750000 0.008399
93.000000 0.008399
93.250000 0.008399
93.500000 0.008399
93.750000 0.008399
94.000000 0.008399
94.250000 0.008399
94.500000 0.008399
94.750000 0.008399
95.000000 0.008399
95.250000 0.008399
95.500000 0.008399
95.750000 0.008399
96.000000 0.008399
96.250000 0.008399
96.500000 0.008399
96.750000 0.008399
97.000000 0.008399
97.250000 0.008399
97.500000 0.008399
97.750000 0.008399
98.000000 0.008399
98.250000 0.008399
98.500000 0.008399
98.750000 0.008399
99.000000 0.008399
99.250000 0.008399
99.500000 0.008399
