0.000000 0.000000
0.250000 0.017004
0.500000 0.023231
0.750000 2.427137
1.000000 2.433364
1.250000 2.439591
1.500000 2.445818
1.750000 2.452045
2.000000 2.458272
2.250000 2.464826
2.500000 2.471053
2.750000 2.477280
3.000000 2.483507
3.250000 2.489843
3.500000 2.496070
3.750000 2.502297
4.000000 2.508524
4.250000 2.514751
4.500000 2.520978
4.750000 2.527205
5.000000 2.896676
5.250000 2.902903
5.500000 2.909130
5.750000 2.915357
6.000000 2.921584
6.250000 2.927811
6.500000 2.934038
6.750000 2.940265
7.000000 2.946492
7.250000 2.952719
7.500000 3.271596
7.750000 3.494757
8.000000 3.774818
8.250000 4.222062
8.500000 4.228289
8.750000 4.234516
9.000000 4.240743
9.250000 4.246970
9.500000 4.253197
9.750000 5.031325
10.000000 5.037552
10.250000 5.043779
10.500000 5.050006
10.750000 5.241095
11.000000 5.247322
11.250000 5.253549
11.500000 5.784393
11.750000 5.790620
12.000000 5.797226
12.250000 5.803453
12.500000 5.809680
12.750000 6.341829
13.000000 6.348056
13.250000 6.354283
13.500000 6.360510
13.750000 6.366737
14.000000 6.372964
14.250000 6.379191
14.500000 6.385418
14.750000 6.391645
15.000000 6.397872
15.250000 6.404099
15.500000 6.410326
15.750000 6.416553
16.000000 6.422780
16.250000 6.429007
16.500000 6.435234
16.750000 6.441461
17.000000 6.721692
17.250000 6.727919
17.500000 6.735018
17.750000 6.741245
18.000000 6.747472
18.250000 6.753808
18.500000 7.030789
18.750000 7.247777
19.000000 7.578898
19.250000 8.645696
19.500000 8.651923
19.750000 8.658150
20.000000 8.863222
20.250000 9.101881
20.500000 9.108108
20.750000 9.114714
21.000000 9.120941
21.250000 9.127168
21.500000 9.133395
21.750000 9.139622
22.000000 9.145849
22.250000 9.152076
22.500000 9.158303
22.750000 9.164530
23.000000 9.170757
23.250000 9.176984
23.500000 9.183211
23.750000 9.189438
24.000000 9.195665
24.250000 9.201892
24.500000 9.208119
24.750000 9.214346
25.000000 9.220573
25.250000 9.226800
25.500000 9.233027
25.750000 9.239254
26.000000 9.245481
26.250000 9.251708
26.500000 9.257935
26.750000 9.264162
27.000000 9.270389
27.250000 9.276616
27.500000 9.282843
27.750000 9.289070
28.000000 9.296278
28.250000 9.302505
28.500000 9.309277
28.750000 9.315504
29.000000 9.321731
29.250000 9.328612
29.500000 9.334839
29.750000 9.341066
30.000000 9.347402
30.250000 9.353629
30.500000 9.360401
30.750000 9.366628
31.000000 9.372855
31.250000 9.831512
31.500000 9.837739
31.750000 9.843966
32.000000 9.850193
32.250000 9.856420
32.500000 9.862647
32.750000 10.652860
33.000000 10.659087
33.250000 10.665314
33.500000 10.671541
33.750000 10.862630
34.000000 10.868857
34.250000 10.875084
34.500000 11.416898
34.750000 11.423125
35.000000 11.429731
35.250000 11.435958
35.500000 11.442185
35.750000 11.983999
36.000000 12.267994
36.250000 12.274221
36.500000 12.280448
36.750000 12.286675
37.000000 12.565018
37.250000 12.790382
37.500000 12.796988
37.750000 13.566560
38.000000 13.572787
38.250000 13.579014
38.500000 13.585241
38.750000 13.591468
39.000000 13.597695
39.250000 13.604301
39.500000 13.610528
39.750000 13.616755
40.000000 13.622982
40.250000 13.629209
40.500000 13.635436
40.750000 13.641663
41.000000 13.647890
41.250000 13.654117
41.500000 13.660344
41.750000 13.666571
42.000000 13.672798
42.250000 13.679025
42.500000 13.685252
42.750000 13.691479
43.000000 13.697706
43.250000 13.703933
43.500000 13.710160
43.750000 13.716387
44.000000 13.722614
44.250000 13.728841
44.500000 13.735068
44.750000 13.741295
45.000000 13.747522
45.250000 13.753749
45.500000 13.759976
45.750000 13.766203
46.000000 13.772430
46.250000 13.778657
46.500000 13.784884
46.750000 13.791111
47.000000 13.797338
47.250000 13.803565
47.500000 13.809792
47.750000 13.816019
48.000000 13.822246
48.250000 13.828473
48.500000 13.834700
48.750000 13.840927
49.000000 13.847154
49.250000 13.853381
49.500000 13.859608
49.750000 13.865835
50.000000 13.872062
50.250000 13.878289
50.500000 13.884516
50.750000 13.890743
51.000000 13.896970
51.250000 13.903197
51.500000 13.909424
51.750000 13.915651
52.000000 13.921878
52.250000 13.928105
52.500000 13.934332
52.750000 13.940559
53.000000 13.946786
53.250000 13.953013
53.500000 13.959240
53.750000 13.965467
54.000000 13.971694
54.250000 13.977921
54.500000 13.984148
54.750000 13.990375
55.000000 13.996602
55.250000 14.002829
55.500000 14.009056
55.750000 14.015283
56.000000 14.021510
56.250000 14.027737
56.500000 14.033964
56.750000 14.040191
57.000000 14.046418
57.250000 14.052645
57.500000 14.058872
57.750000 14.065099
58.000000 14.071326
58.250000 14.077553
58.500000 14.083780
58.750000 14.090007
59.000000 14.096234
59.250000 14.102461
59.500000 14.108688
59.750000 14.114915
60.000000 14.121142
60.250000 14.127369
60.500000 14.133596
60.750000 14.139823
61.000000 14.146050
61.250000 14.152277
61.500000 14.158504
61.750000 14.164731
62.000000 14.170958
62.250000 14.177185
62.500000 14.183412
62.750000 14.189639
63.000000 14.195866
63.250000 14.202093
63.500000 14.208320
63.750000 14.214547
64.000000 14.220774
64.250000 14.227001
64.500000 14.233228
64.750000 14.239455
65.000000 14.245682
65.250000 14.251909
65.500000 14.258136
65.750000 14.264363
66.000000 14.270590
66.250000 14.276817
66.500000 14.283044
66.750000 14.289271
67.000000 14.295498
67.250000 14.301725
67.500000 14.307952
67.750000 14.314179
68.000000 14.320406
68.250000 14.326633
68.500000 14.332860
68.750000 14.339087
69.000000 14.345314
69.250000 14.351541
69.500000 14.357768
69.750000 14.363995
70.000000 14.370222
70.250000 14.376449
70.500000 14.382676
70.750000 14.388903
71.000000 14.395130
71.250000 14.401357
71.500000 14.407584
71.750000 14.413811
72.000000 14.420038
72.250000 14.426265
72.500000 14.432492
72.750000 14.438719
73.000000 14.444946
73.250000 14.451173
73.500000 14.457400
73.750000 14.463627
74.000000 14.469854
74.250000 14.476081
74.500000 14.482308
74.750000 14.488535
75.000000 14.494762
75.250000 14.500989
75.500000 14.507216
75.750000 14.513443
76.000000 14.519670
76.250000 14.525897
76.500000 14.532124
76.750000 14.538351
77.000000 14.544578
77.250000 14.550805
77.500000 14.557032
77.750000 14.563259
78.000000 14.569486
78.250000 14.575713
78.500000 14.581940
78.750000 14.588167
79.000000 14.594394
79.250000 14.600621
79.500000 14.606848
79.750000 14.613075
80.000000 14.619302
80.250000 14.625529
80.500000 14.631756
80.750000 14.637983
81.000000 14.644210
81.250000 14.650437
81.500000 14.656664
81.750000 14.662891
82.000000 14.669118
82.250000 14.675345
82.500000 14.681572
82.750000 14.687799
83.000000 14.694026
83.250000 14.700253
83.500000 14.706480
83.750000 14.712707
84.000000 14.718934
84.250000 14.725161
84.500000 14.731388
84.750000 14.737615
85.000000 14.743842
85.250000 14.750069
85.500000 14.756296
85.750000 14.762523
86.000000 14.768750
86.250000 14.774977
86.500000 14.781204
86.750000 14.787431
87.000000 14.793658
87.250000 14.799885
87.500000 14.806112
87.750000 14.812339
88.000000 14.818566
88.250000 14.824793
88.500000 14.831020
88.750000 14.837247
89.000000 14.843474
89.250000 14.849701
89.500000 14.855928
89.750000 14.862155
90.000000 14.868382
90.250000 14.874609
90.500000 14.880836
90.750000 14.887063
91.000000 14.893290
91.250000 14.899517
91.500000 14.905744
91.750000 14.911971
92.000000 14.918198
92.250000 14.924425
92.500000 14.930652
92.750000 14.936879
93.000000 14.943106
93.250000 14.949333
93.500000 14.955560
93.750000 14.961787
94.000000 14.968014
94.250000 14.974241
94.500000 14.980468
94.750000 14.986695
95.000000 14.992922
95.250000 14.999149
95.500000 15.005376
95.750000 15.011603
96.000000 15.017830
96.250000 15.024057
96.500000 15.030284
96.750000 15.036511
97.000000 15.042738
97.250000 15.048965
97.500000 15.055192
97.750000 15.061419
98.000000 15.067646
98.250000 15.073873
98.500000 15.080100
98.750000 15.086327
99.000000 15.092554
99.250000 15.098781
99.500000 15.105008
