0.000000 0.000000
0.250000 0.035073
0.500000 0.035073
0.750000 0.035073
1.000000 0.035073
1.250000 0.035073
1.500000 0.035073
1.750000 0.035073
2.000000 0.035073
2.250000 0.035073
2.500000 0.035073
2.750000 0.035073
3.000000 0.035073
3.250000 0.035073
3.500000 0.035073
3.750000 0.035073
4.000000 0.035073
4.250000 0.035073
4.500000 0.035073
4.750000 0.035073
5.000000 0.035073
5.250000 0.035073
5.500000 0.035073
5.750000 0.035073
6.000000 0.035073
6.250000 0.035073
6.500000 0.035073
6.750000 0.035073
7.000000 0.035073
7.250000 0.035073
7.500000 0.035073
7.750000 0.035073
8.000000 0.035073
8.250000 0.035073
8.500000 0.035073
8.750000 0.035073
9.000000 0.035073
9.250000 0.035073
9.500000 0.035073
9.750000 0.035073
10.000000 0.035073
10.250000 0.035073
10.500000 0.035073
10.750000 0.035073
11.000000 0.035073
11.250000 0.035073
11.500000 0.035073
11.750000 0.035073
12.000000 0.035073
12.250000 0.035073
12.500000 0.035073
12.750000 0.035073
13.000000 0.035073
13.250000 0.035073
13.500000 0.035073
13.750000 0.035073
14.000000 0.035073
14.250000 0.035073
14.500000 0.035073
14.750000 0.035073
15.000000 0.035073
15.250000 0.035073
15.500000 0.035073
15.750000 0.035073
16.000000 0.035073
16.250000 0.035073
16.500000 0.035073
16.750000 0.035073
17.000000 0.035073
17.250000 0.035073
17.500000 0.035073
17.750000 0.035073
18.000000 0.035073
18.250000 0.035073
18.500000 0.035073
18.750000 0.035073
19.000000 0.035073
19.250000 0.035073
19.500000 0.035073
19.750000 0.035073
20.000000 0.035073
20.250000 0.035073
20.500000 0.035073
20.750000 0.035073
21.000000 0.035073
21.250000 0.035073
21.500000 0.035073
21.750000 0.035073
22.000000 0.035073
22.250000 0.035073
