0.012276 0.090009
6.521908 0.046864
6.731925 0.953718
16.898679 0.025140
17.195189 0.046015
17.510207 0.023081
17.861110 0.018295
18.284892 0.024270
18.629355 0.020612
19.038095 0.037420
19.414707 0.033586
19.773375 0.046703
20.088781 0.027468
20.445760 0.019885
20.865094 0.028331
21.153885 0.025903
21.500650 0.028188
21.876834 0.020716
22.259769 0.023939
22.660076 0.026381
23.044103 0.030306
23.389226 0.023041
23.766698 0.039722
24.135178 0.014648
24.674509 0.024132
25.106975 0.026871
25.483918 0.034207
25.788482 0.023762
26.209349 0.026541
26.581534 0.019243
27.051049 0.024569
27.437700 0.028275
27.760392 0.036260
28.077710 0.138238
28.594964 0.026538
29.038521 0.049373
29.472131 0.783714
31.057045 0.026204
31.397110 0.025725
31.747798 0.022897
32.127952 0.026287
32.475864 0.032037
32.761188 0.023789
33.137638 0.026528
33.483280 0.027217
33.837256 0.033035
34.139342 0.767541
35.883649 0.627528
37.171277 0.806207
38.832688 0.884250
40.908776 0.021087
41.271656 0.023121
41.628420 0.027921
41.952396 0.020090
42.321910 0.026253
42.673032 0.932070
47.953073 0.022574
48.332744 0.022676
48.683067 0.022849
49.062699 0.549936
49.941382 0.025008
50.314335 0.040416
50.568941 0.854345
52.904027 0.018298
53.454127 0.027052
53.959586 0.872947
57.394555 0.026865
57.754584 0.029486
58.120637 0.033215
58.500509 0.023244
58.887274 0.025703
59.269744 0.029305
59.627980 0.036758
60.030372 0.022770
60.440985 0.025995
60.837616 0.020771
61.238532 0.028203
61.586039 0.025469
61.966642 0.025764
62.356922 0.021675
62.773972 0.027716
63.163690 0.023024
63.527196 0.745577
65.340332 0.019859
65.768207 0.024431
66.135692 0.055487
66.357834 0.024671
66.814367 0.028539
67.216276 0.751476
68.761800 0.480326
70.007422 0.776231
