0.000000 0.000000
0.250000 0.145340
0.500000 0.145340
0.750000 0.145340
1.000000 0.145340
1.250000 0.145340
1.500000 0.145340
1.750000 0.145340
2.000000 0.145340
2.250000 0.145340
2.500000 0.145340
2.750000 0.145340
3.000000 0.145340
3.250000 0.145340
3.500000 0.145340
3.750000 0.145340
4.000000 0.145340
4.250000 0.145340
4.500000 0.145340
4.750000 0.145340
5.000000 0.145340
5.250000 0.145340
5.500000 0.145340
5.750000 0.145340
6.000000 0.145340
6.250000 0.145340
6.500000 0.145340
6.750000 0.145340
7.000000 0.145340
7.250000 0.145340
7.500000 0.145340
7.750000 0.145340
8.000000 0.145340
8.250000 0.145340
8.500000 0.145340
8.750000 0.145340
9.000000 0.145340
9.250000 0.145340
9.500000 0.145340
9.750000 0.145340
10.000000 0.145340
10.250000 0.145340
10.500000 0.145340
10.750000 0.145340
11.000000 0.145340
11.250000 0.145340
11.500000 0.145340
11.750000 0.145340
12.000000 0.145340
12.250000 0.145340
12.500000 0.145340
12.750000 0.145340
13.000000 0.145340
13.250000 0.145340
13.500000 0.145340
13.750000 0.145340
14.000000 0.145340
14.250000 0.145340
14.500000 0.145340
14.750000 0.145340
15.000000 0.145340
15.250000 0.145340
15.500000 0.145340
15.750000 0.145340
16.000000 0.145340
16.250000 0.145340
16.500000 0.145340
16.750000 0.145340
17.000000 0.145340
17.250000 0.145340
17.500000 0.145340
17.750000 0.145340
18.000000 0.145340
18.250000 0.145340
18.500000 0.145340
18.750000 0.145340
19.000000 0.145340
19.250000 0.145340
19.500000 0.145340
19.750000 0.145340
20.000000 0.145340
20.250000 0.145340
20.500000 0.145340
20.750000 0.145340
21.000000 0.145340
21.250000 0.145340
21.500000 0.145340
21.750000 0.145340
22.000000 0.145340
22.250000 0.145340
22.500000 0.145340
22.750000 0.145340
23.000000 0.145340
23.250000 0.145340
23.500000 0.145340
23.750000 0.145340
24.000000 0.145340
24.250000 0.145340
24.500000 0.145340
24.750000 0.145340
25.000000 0.145340
25.250000 0.145340
25.500000 0.145340
25.750000 0.145340
26.000000 0.145340
26.250000 0.145340
26.500000 0.145340
26.750000 0.145340
27.000000 0.145340
27.250000 0.145340
27.500000 0.145340
27.750000 0.145340
28.000000 0.145340
28.250000 0.145340
28.500000 0.145340
28.750000 0.145340
29.000000 0.145340
29.250000 0.145340
29.500000 0.145340
29.750000 0.145340
30.000000 0.145340
30.250000 0.145340
30.500000 0.145340
30.750000 0.145340
31.000000 0.145340
31.250000 0.145340
31.500000 0.145340
31.750000 0.145340
32.000000 0.145340
32.250000 0.145340
32.500000 0.145340
32.750000 0.145340
33.000000 0.145340
33.250000 0.145340
33.500000 0.145340
33.750000 0.145340
34.000000 0.145340
