0.000000 0.000000
0.250000 0.114182
0.500000 0.114182
0.750000 0.114182
1.000000 0.114182
1.250000 0.114182
1.500000 0.114182
1.750000 0.114182
2.000000 0.114182
2.250000 0.114182
2.500000 0.114182
2.750000 0.114182
3.000000 0.114182
3.250000 0.114182
3.500000 0.114182
3.750000 0.114182
4.000000 0.114182
4.250000 0.114182
4.500000 0.114182
4.750000 0.114182
5.000000 0.114182
5.250000 0.114182
5.500000 0.114182
5.750000 0.114182
6.000000 0.114182
6.250000 0.114182
6.500000 0.114182
6.750000 0.114182
7.000000 0.114182
7.250000 0.114182
7.500000 0.114182
7.750000 0.114182
8.000000 0.114182
8.250000 0.114182
8.500000 0.114182
8.750000 0.114182
9.000000 0.114182
9.250000 0.114182
9.500000 0.114182
9.750000 0.114182
10.000000 0.114182
10.250000 0.114182
10.500000 0.114182
10.750000 0.114182
11.000000 0.114182
11.250000 0.114182
11.500000 0.114182
11.750000 0.114182
12.000000 0.114182
12.250000 0.114182
