0.000000 0.000000
0.250000 0.012388
0.500000 0.012388
0.750000 0.012388
1.000000 0.012388
1.250000 0.012388
1.500000 0.012388
1.750000 0.012388
2.000000 0.012388
2.250000 0.012388
2.500000 0.012388
2.750000 0.012388
3.000000 0.012388
3.250000 0.012388
3.500000 0.012388
3.750000 0.012388
4.000000 0.012388
4.250000 0.012388
4.500000 0.012388
4.750000 0.012388
5.000000 0.012388
5.250000 0.012388
5.500000 0.012388
5.750000 0.012388
6.000000 0.012388
6.250000 0.012388
6.500000 0.012388
6.750000 0.012388
7.000000 0.012388
7.250000 0.012388
7.500000 0.012388
7.750000 0.012388
8.000000 0.012388
8.250000 0.012388
8.500000 0.012388
8.750000 0.012388
9.000000 0.012388
9.250000 0.012388
9.500000 0.012388
9.750000 0.012388
10.000000 0.012388
10.250000 0.012388
10.500000 0.012388
10.750000 0.012388
11.000000 0.012388
11.250000 0.012388
11.500000 0.012388
11.750000 0.012388
12.000000 0.012388
12.250000 0.012388
12.500000 0.012388
12.750000 0.012388
13.000000 0.012388
13.250000 0.012388
13.500000 0.012388
13.750000 0.012388
14.000000 0.012388
14.250000 0.012388
14.500000 0.012388
14.750000 0.012388
15.000000 0.012388
15.250000 0.012388
15.500000 0.012388
15.750000 0.012388
16.000000 0.012388
16.250000 0.012388
16.500000 0.012388
16.750000 0.012388
17.000000 0.012388
17.250000 0.012388
17.500000 0.012388
17.750000 0.012388
18.000000 0.012388
18.250000 0.012388
18.500000 0.012388
18.750000 0.012388
19.000000 0.012388
19.250000 0.012388
19.500000 0.012388
19.750000 0.012388
20.000000 0.012388
20.250000 0.012388
20.500000 0.012388
20.750000 0.012388
21.000000 0.012388
21.250000 0.012388
21.500000 0.012388
21.750000 0.012388
22.000000 0.012388
22.250000 0.012388
22.500000 0.012388
22.750000 0.012388
23.000000 0.012388
23.250000 0.012388
23.500000 0.012388
23.750000 0.012388
24.000000 0.012388
24.250000 0.012388
24.500000 0.012388
24.750000 0.012388
25.000000 0.012388
25.250000 0.012388
25.500000 0.012388
25.750000 0.012388
26.000000 0.012388
26.250000 0.012388
26.500000 0.012388
26.750000 0.012388
27.000000 0.012388
27.250000 0.012388
27.500000 0.012388
27.750000 0.012388
28.000000 0.012388
28.250000 0.012388
28.500000 0.012388
28.750000 0.012388
29.000000 0.012388
29.250000 0.012388
29.500000 0.012388
29.750000 0.012388
30.000000 0.012388
30.250000 0.012388
30.500000 0.012388
30.750000 0.012388
31.000000 0.012388
31.250000 0.012388
31.500000 0.012388
31.750000 0.012388
32.000000 0.012388
32.250000 0.012388
32.500000 0.012388
32.750000 0.012388
33.000000 0.012388
33.250000 0.012388
33.500000 0.012388
33.750000 0.012388
34.000000 0.012388
34.250000 0.012388
34.500000 0.012388
34.750000 0.012388
35.000000 0.012388
35.250000 0.012388
35.500000 0.012388
35.750000 0.012388
36.000000 0.012388
36.250000 0.012388
36.500000 0.012388
36.750000 0.012388
37.000000 0.012388
37.250000 0.012388
37.500000 0.012388
37.750000 0.012388
38.000000 0.012388
38.250000 0.012388
38.500000 0.012388
38.750000 0.012388
39.000000 0.012388
39.250000 0.012388
39.500000 0.012388
39.750000 0.012388
40.000000 0.012388
40.250000 0.012388
40.500000 0.012388
40.750000 0.012388
41.000000 0.012388
41.250000 0.012388
41.500000 0.012388
41.750000 0.012388
42.000000 0.012388
42.250000 0.012388
42.500000 0.012388
42.750000 0.012388
43.000000 0.012388
43.250000 0.012388
43.500000 0.012388
43.750000 0.012388
44.000000 0.012388
44.250000 0.012388
44.500000 0.012388
44.750000 0.012388
45.000000 0.012388
45.250000 0.012388
45.500000 0.012388
45.750000 0.012388
46.000000 0.012388
46.250000 0.012388
46.500000 0.012388
46.750000 0.012388
47.000000 0.012388
47.250000 0.012388
47.500000 0.012388
47.750000 0.012388
48.000000 0.012388
48.250000 0.012388
48.500000 0.012388
48.750000 0.012388
49.000000 0.012388
49.250000 0.012388
49.500000 0.012388
49.750000 0.012388
50.000000 0.012388
50.250000 0.012388
50.500000 0.012388
50.750000 0.012388
51.000000 0.012388
51.250000 0.012388
51.500000 0.012388
51.750000 0.012388
52.000000 0.012388
52.250000 0.012388
52.500000 0.012388
52.750000 0.012388
53.000000 0.012388
53.250000 0.012388
53.500000 0.012388
53.750000 0.012388
54.000000 0.012388
54.250000 0.012388
54.500000 0.012388
54.750000 0.012388
55.000000 0.012388
55.250000 0.012388
55.500000 0.012388
55.750000 0.012388
56.000000 0.012388
56.250000 0.012388
56.500000 0.012388
56.750000 0.012388
57.000000 0.012388
57.250000 0.012388
57.500000 0.012388
57.750000 0.012388
58.000000 0.012388
58.250000 0.012388
58.500000 0.012388
58.750000 0.012388
59.000000 0.012388
59.250000 0.012388
59.500000 0.012388
59.750000 0.012388
60.000000 0.012388
60.250000 0.012388
60.500000 0.012388
60.750000 0.012388
61.000000 0.012388
61.250000 0.012388
61.500000 0.012388
61.750000 0.012388
62.000000 0.012388
62.250000 0.012388
62.500000 0.012388
62.750000 0.012388
63.000000 0.012388
63.250000 0.012388
63.500000 0.012388
63.750000 0.012388
64.000000 0.012388
64.250000 0.012388
64.500000 0.012388
64.750000 0.012388
65.000000 0.012388
65.250000 0.012388
65.500000 0.012388
65.750000 0.012388
66.000000 0.012388
66.250000 0.012388
66.500000 0.012388
66.750000 0.012388
67.000000 0.012388
67.250000 0.012388
67.500000 0.012388
67.750000 0.012388
68.000000 0.012388
68.250000 0.012388
68.500000 0.012388
68.750000 0.012388
69.000000 0.012388
69.250000 0.012388
69.500000 0.012388
69.750000 0.012388
70.000000 0.012388
70.250000 0.012388
70.500000 0.012388
70.750000 0.012388
71.000000 0.012388
71.250000 0.012388
71.500000 0.012388
71.750000 0.012388
72.000000 0.012388
72.250000 0.012388
72.500000 0.012388
72.750000 0.012388
73.000000 0.012388
73.250000 0.012388
73.500000 0.012388
73.750000 0.012388
74.000000 0.012388
74.250000 0.012388
74.500000 0.012388
74.750000 0.012388
75.000000 0.012388
75.250000 0.012388
75.500000 0.012388
75.750000 0.012388
76.000000 0.012388
76.250000 0.012388
76.500000 0.012388
76.750000 0.012388
77.000000 0.012388
77.250000 0.012388
77.500000 0.012388
77.750000 0.012388
78.000000 0.012388
78.250000 0.012388
78.500000 0.012388
78.750000 0.012388
79.000000 0.012388
79.250000 0.012388
79.500000 0.012388
79.750000 0.012388
80.000000 0.012388
80.250000 0.012388
80.500000 0.012388
80.750000 0.012388
81.000000 0.012388
81.250000 0.012388
81.500000 0.012388
81.750000 0.012388
82.000000 0.012388
82.250000 0.012388
82.500000 0.012388
82.750000 0.012388
83.000000 0.012388
83.250000 0.012388
83.500000 0.012388
83.750000 0.012388
84.000000 0.012388
84.250000 0.012388
84.500000 0.012388
84.750000 0.012388
85.000000 0.012388
85.250000 0.012388
85.500000 0.012388
85.750000 0.012388
86.000000 0.012388
86.250000 0.012388
86.500000 0.012388
86.750000 0.012388
87.000000 0.012388
87.250000 0.012388
87.500000 0.012388
87.750000 0.012388
88.000000 0.012388
88.250000 0.012388
88.500000 0.012388
88.750000 0.012388
89.000000 0.012388
89.250000 0.012388
89.500000 0.012388
89.750000 0.012388
90.000000 0.012388
90.250000 0.012388
90.500000 0.012388
90.750000 0.012388
91.000000 0.012388
91.250000 0.012388
91.500000 0.012388
91.750000 0.012388
92.000000 0.012388
92.250000 0.012388
92.500000 0.012388
92.750000 0.012388
93.000000 0.012388
93.250000 0.012388
93.500000 0.012388
93.750000 0.012388
94.000000 0.012388
94.250000 0.012388
94.500000 0.012388
94.750000 0.012388
95.000000 0.012388
95.250000 0.012388
95.500000 0.012388
95.750000 0.012388
96.000000 0.012388
96.250000 0.012388
96.500000 0.012388
96.750000 0.012388
97.000000 0.012388
97.250000 0.012388
97.500000 0.012388
97.750000 0.012388
98.000000 0.012388
98.250000 0.012388
98.500000 0.012388
98.750000 0.012388
99.000000 0.012388
99.250000 0.012388
99.500000 0.012388
