0.361734 0.000000
6.517173 0.207962
6.726789 0.250058
16.890239 0.252354
17.190958 0.254687
17.502965 0.256983
17.866318 0.259278
18.278215 0.261574
18.624928 0.263869
19.026968 0.266203
19.406198 0.268498
19.765123 0.270794
20.072611 0.273089
20.442737 0.275423
20.846403 0.277719
21.147764 0.280014
21.494209 0.282310
21.872981 0.284643
22.272279 0.286939
22.652065 0.289272
23.034402 0.291568
23.381304 0.293863
23.745123 0.296159
24.140873 0.298454
24.670122 0.300750
25.103030 0.303122
25.465064 0.305455
25.788312 0.307789
26.206244 0.310084
26.574276 0.312418
27.041364 0.321474
27.428731 0.323770
27.753574 0.326103
28.065959 0.328399
28.589984 0.330694
29.032612 0.333028
29.467257 0.346084
31.049370 0.348417
31.392077 0.350713
31.743283 0.353008
32.117061 0.355304
32.462359 0.357599
32.757221 0.359895
33.131911 0.362190
33.476022 0.381950
33.821518 0.384284
34.144802 0.396783
35.870282 0.399117
37.162991 0.406247
38.822434 0.408581
40.909928 0.410914
41.258475 0.413210
41.607752 0.415505
41.949713 0.417801
42.302972 0.420096
42.670350 0.422392
47.949252 0.424726
48.316406 0.427021
48.671143 0.432323
49.056655 0.439107
49.930435 0.441402
50.294516 0.443736
50.573251 0.446032
52.901846 0.448327
53.404155 0.453851
53.950628 0.456184
57.385868 0.458480
57.749122 0.460775
58.110343 0.463071
58.497690 0.465366
58.892580 0.467662
59.267192 0.469957
59.623181 0.472291
60.028337 0.497920
60.438503 0.500216
60.826825 0.502549
61.226905 0.524694
61.576211 0.526990
61.957138 0.529324
62.350897 0.531619
62.784338 0.562025
63.156051 0.564359
63.520311 0.566654
65.332304 0.568988
65.760540 0.571321
66.126051 0.573655
66.351513 0.575951
66.799025 0.578246
67.210055 0.580580
68.755865 0.582875
69.999569 0.585209
72.014238 0.587504
