0.000000 0.000000
0.250000 0.013668
0.500000 0.013668
0.750000 0.013668
1.000000 0.013668
1.250000 0.013668
1.500000 0.013668
1.750000 0.013668
2.000000 0.013668
2.250000 0.013668
2.500000 0.013668
2.750000 0.013668
3.000000 0.013668
3.250000 0.013668
3.500000 0.013668
3.750000 0.013668
4.000000 0.013668
4.250000 0.013668
4.500000 0.013668
4.750000 0.013668
5.000000 0.013668
5.250000 0.013668
5.500000 0.013668
5.750000 0.013668
6.000000 0.013668
6.250000 0.013668
6.500000 0.013668
6.750000 0.013668
7.000000 0.013668
7.250000 0.013668
7.500000 0.013668
7.750000 0.013668
8.000000 0.013668
8.250000 0.013668
8.500000 0.013668
8.750000 0.013668
9.000000 0.013668
9.250000 0.013668
9.500000 0.013668
9.750000 0.013668
10.000000 0.013668
10.250000 0.013668
10.500000 0.013668
10.750000 0.013668
11.000000 0.013668
11.250000 0.013668
11.500000 0.013668
11.750000 0.013668
12.000000 0.013668
12.250000 0.013668
12.500000 0.013668
12.750000 0.013668
13.000000 0.013668
13.250000 0.013668
13.500000 0.013668
13.750000 0.013668
14.000000 0.013668
14.250000 0.013668
14.500000 0.013668
14.750000 0.013668
15.000000 0.013668
15.250000 0.013668
15.500000 0.013668
15.750000 0.013668
16.000000 0.013668
16.250000 0.013668
16.500000 0.013668
16.750000 0.013668
17.000000 0.013668
17.250000 0.013668
17.500000 0.013668
17.750000 0.013668
18.000000 0.013668
18.250000 0.013668
18.500000 0.013668
18.750000 0.013668
19.000000 0.013668
19.250000 0.013668
19.500000 0.013668
19.750000 0.013668
20.000000 0.013668
20.250000 0.013668
20.500000 0.013668
20.750000 0.013668
21.000000 0.013668
21.250000 0.013668
21.500000 0.013668
21.750000 0.013668
22.000000 0.013668
22.250000 0.013668
22.500000 0.013668
22.750000 0.013668
23.000000 0.013668
23.250000 0.013668
23.500000 0.013668
23.750000 0.013668
24.000000 0.013668
24.250000 0.013668
24.500000 0.013668
24.750000 0.013668
25.000000 0.013668
25.250000 0.013668
25.500000 0.013668
25.750000 0.013668
26.000000 0.013668
26.250000 0.013668
26.500000 0.013668
26.750000 0.013668
27.000000 0.013668
27.250000 0.013668
27.500000 0.013668
27.750000 0.013668
28.000000 0.013668
28.250000 0.013668
28.500000 0.013668
28.750000 0.013668
29.000000 0.013668
29.250000 0.013668
29.500000 0.013668
29.750000 0.013668
30.000000 0.013668
30.250000 0.013668
30.500000 0.013668
30.750000 0.013668
31.000000 0.013668
31.250000 0.013668
31.500000 0.013668
31.750000 0.013668
32.000000 0.013668
32.250000 0.013668
32.500000 0.013668
32.750000 0.013668
33.000000 0.013668
33.250000 0.013668
33.500000 0.013668
33.750000 0.013668
34.000000 0.013668
34.250000 0.013668
34.500000 0.013668
34.750000 0.013668
35.000000 0.013668
35.250000 0.013668
35.500000 0.013668
35.750000 0.013668
36.000000 0.013668
36.250000 0.013668
36.500000 0.013668
36.750000 0.013668
37.000000 0.013668
37.250000 0.013668
37.500000 0.013668
37.750000 0.013668
38.000000 0.013668
38.250000 0.013668
38.500000 0.013668
38.750000 0.013668
39.000000 0.013668
39.250000 0.013668
39.500000 0.013668
39.750000 0.013668
40.000000 0.013668
40.250000 0.013668
40.500000 0.013668
40.750000 0.013668
41.000000 0.013668
41.250000 0.013668
41.500000 0.013668
41.750000 0.013668
42.000000 0.013668
42.250000 0.013668
42.500000 0.013668
42.750000 0.013668
43.000000 0.013668
43.250000 0.013668
43.500000 0.013668
43.750000 0.013668
44.000000 0.013668
44.250000 0.013668
44.500000 0.013668
44.750000 0.013668
45.000000 0.013668
45.250000 0.013668
45.500000 0.013668
45.750000 0.013668
46.000000 0.013668
46.250000 0.013668
46.500000 0.013668
46.750000 0.013668
47.000000 0.013668
47.250000 0.013668
47.500000 0.013668
47.750000 0.013668
48.000000 0.013668
48.250000 0.013668
48.500000 0.013668
48.750000 0.013668
49.000000 0.013668
49.250000 0.013668
49.500000 0.013668
49.750000 0.013668
50.000000 0.013668
50.250000 0.013668
50.500000 0.013668
50.750000 0.013668
51.000000 0.013668
51.250000 0.013668
51.500000 0.013668
51.750000 0.013668
52.000000 0.013668
52.250000 0.013668
52.500000 0.013668
52.750000 0.013668
53.000000 0.013668
53.250000 0.013668
53.500000 0.013668
53.750000 0.013668
54.000000 0.013668
54.250000 0.013668
54.500000 0.013668
54.750000 0.013668
55.000000 0.013668
55.250000 0.013668
55.500000 0.013668
55.750000 0.013668
56.000000 0.013668
56.250000 0.013668
56.500000 0.013668
56.750000 0.013668
57.000000 0.013668
57.250000 0.013668
57.500000 0.013668
57.750000 0.013668
58.000000 0.013668
58.250000 0.013668
58.500000 0.013668
58.750000 0.013668
59.000000 0.013668
59.250000 0.013668
59.500000 0.013668
59.750000 0.013668
60.000000 0.013668
60.250000 0.013668
60.500000 0.013668
60.750000 0.013668
61.000000 0.013668
61.250000 0.013668
61.500000 0.013668
61.750000 0.013668
62.000000 0.013668
62.250000 0.013668
62.500000 0.013668
62.750000 0.013668
63.000000 0.013668
63.250000 0.013668
63.500000 0.013668
63.750000 0.013668
64.000000 0.013668
64.250000 0.013668
64.500000 0.013668
64.750000 0.013668
65.000000 0.013668
65.250000 0.013668
65.500000 0.013668
65.750000 0.013668
66.000000 0.013668
66.250000 0.013668
66.500000 0.013668
66.750000 0.013668
67.000000 0.013668
67.250000 0.013668
67.500000 0.013668
67.750000 0.013668
68.000000 0.013668
68.250000 0.013668
68.500000 0.013668
68.750000 0.013668
69.000000 0.013668
69.250000 0.013668
69.500000 0.013668
69.750000 0.013668
70.000000 0.013668
70.250000 0.013668
70.500000 0.013668
70.750000 0.013668
71.000000 0.013668
71.250000 0.013668
71.500000 0.013668
71.750000 0.013668
72.000000 0.013668
72.250000 0.013668
72.500000 0.013668
72.750000 0.013668
73.000000 0.013668
73.250000 0.013668
73.500000 0.013668
73.750000 0.013668
74.000000 0.013668
74.250000 0.013668
74.500000 0.013668
74.750000 0.013668
75.000000 0.013668
75.250000 0.013668
75.500000 0.013668
75.750000 0.013668
76.000000 0.013668
76.250000 0.013668
76.500000 0.013668
76.750000 0.013668
77.000000 0.013668
77.250000 0.013668
77.500000 0.013668
77.750000 0.013668
78.000000 0.013668
78.250000 0.013668
78.500000 0.013668
78.750000 0.013668
79.000000 0.013668
79.250000 0.013668
79.500000 0.013668
79.750000 0.013668
80.000000 0.013668
80.250000 0.013668
80.500000 0.013668
80.750000 0.013668
81.000000 0.013668
81.250000 0.013668
81.500000 0.013668
81.750000 0.013668
82.000000 0.013668
82.250000 0.013668
82.500000 0.013668
82.750000 0.013668
83.000000 0.013668
83.250000 0.013668
83.500000 0.013668
83.750000 0.013668
84.000000 0.013668
84.250000 0.013668
84.500000 0.013668
84.750000 0.013668
85.000000 0.013668
85.250000 0.013668
85.500000 0.013668
85.750000 0.013668
86.000000 0.013668
86.250000 0.013668
86.500000 0.013668
86.750000 0.013668
87.000000 0.013668
87.250000 0.013668
87.500000 0.013668
87.750000 0.013668
88.000000 0.013668
88.250000 0.013668
88.500000 0.013668
88.750000 0.013668
89.000000 0.013668
89.250000 0.013668
89.500000 0.013668
89.750000 0.013668
90.000000 0.013668
90.250000 0.013668
90.500000 0.013668
90.750000 0.013668
91.000000 0.013668
91.250000 0.013668
91.500000 0.013668
91.750000 0.013668
92.000000 0.013668
92.250000 0.013668
92.500000 0.013668
92.750000 0.013668
93.000000 0.013668
93.250000 0.013668
93.500000 0.013668
93.750000 0.013668
94.000000 0.013668
94.250000 0.013668
94.500000 0.013668
94.750000 0.013668
95.000000 0.013668
95.250000 0.013668
95.500000 0.013668
95.750000 0.013668
96.000000 0.013668
96.250000 0.013668
96.500000 0.013668
96.750000 0.013668
97.000000 0.013668
97.250000 0.013668
97.500000 0.013668
97.750000 0.013668
98.000000 0.013668
98.250000 0.013668
98.500000 0.013668
98.750000 0.013668
99.000000 0.013668
99.250000 0.013668
99.500000 0.013668
