0.000000 0.031883
0.250000 0.211299
0.500000 0.932604
0.750000 0.532883
1.000000 10.232871
1.250000 0.403298
1.500000 0.311242
1.750000 9.952202
2.000000 0.124485
2.250000 9.765445
2.500000 19.406923
2.750000 9.310607
3.000000 0.000000
3.250000 0.000000
3.500000 9.287841
3.750000 19.018595
4.000000 28.600930
4.250000 38.183266
4.500000 47.766509
4.750000 8.817084
5.000000 0.000000
5.250000 8.630976
5.500000 7.045710
5.750000 0.000000
6.000000 8.938118
6.250000 19.246434
6.500000 29.406202
6.750000 3.529422
7.000000 13.688671
7.250000 23.997117
7.500000 0.000000
7.750000 0.000000
8.000000 8.646190
8.250000 0.000000
8.500000 8.284829
8.750000 18.458056
9.000000 28.780351
9.250000 0.000000
9.500000 7.665286
9.750000 18.803979
10.000000 28.010833
10.250000 38.183801
10.500000 48.356380
10.750000 4.099741
11.000000 14.449637
11.250000 24.445417
11.500000 0.000000
11.750000 6.813673
12.000000 0.000000
12.250000 0.000000
12.500000 6.516320
12.750000 16.689677
13.000000 26.862515
13.250000 37.034965
13.500000 47.207932
13.750000 57.380900
14.000000 67.554257
14.250000 0.000000
14.500000 10.149850
14.750000 0.000000
15.000000 5.584185
15.250000 15.693050
15.500000 25.578794
15.750000 35.463629
16.000000 45.347945
16.250000 55.232391
16.500000 0.000000
16.750000 4.602980
17.000000 14.487426
17.250000 24.371872
17.500000 34.256188
17.750000 44.141024
18.000000 54.025340
18.250000 63.909397
18.500000 73.793454
18.750000 83.678030
19.000000 93.562346
19.250000 103.446663
19.500000 113.330850
19.750000 123.215296
20.000000 133.099483
20.250000 142.983799
20.500000 153.353067
20.750000 163.681324
21.000000 174.043424
21.250000 0.000000
21.500000 3.302151
21.750000 13.687588
22.000000 24.023795
22.250000 34.184341
