0.000000 0.085708
0.250000 0.333788
0.500000 0.373988
0.750000 0.293092
1.000000 0.343004
1.250000 0.330980
1.500000 0.326884
1.750000 0.340956
2.000000 0.336100
2.250000 0.356580
2.500000 0.309476
2.750000 0.337124
3.000000 0.330980
3.250000 0.336612
3.500000 0.333540
3.750000 0.334564
4.000000 0.348388
4.250000 0.319204
4.500000 0.338660
4.750000 0.390884
5.000000 0.279516
5.250000 0.334052
5.500000 0.327908
5.750000 0.350172
6.000000 0.322276
6.250000 0.331228
6.500000 0.336860
6.750000 0.334812
7.000000 0.332516
7.250000 0.336860
7.500000 0.333028
7.750000 0.333028
8.000000 0.334300
8.250000 0.341732
8.500000 0.327396
8.750000 0.334812
9.000000 0.335836
9.250000 0.333276
