0.000000 0.000000
0.250000 0.229387
0.500000 0.229387
0.750000 0.229387
1.000000 0.229387
1.250000 0.229387
1.500000 0.240651
1.750000 0.289974
2.000000 0.346484
2.250000 0.524671
2.500000 0.524671
2.750000 0.524671
3.000000 0.635161
3.250000 0.728072
3.500000 0.941907
3.750000 1.192625
4.000000 1.418563
4.250000 1.418563
4.500000 1.418563
4.750000 1.418563
5.000000 1.418563
5.250000 1.418563
5.500000 1.418563
5.750000 1.418563
6.000000 1.418563
6.250000 1.418563
6.500000 1.435971
6.750000 3.040789
7.000000 3.074704
7.250000 3.074704
7.500000 3.074704
7.750000 3.074704
8.000000 3.074704
8.250000 3.074704
8.500000 3.074704
8.750000 3.074704
9.000000 3.074704
9.250000 3.074704
9.500000 3.074704
9.750000 3.074704
10.000000 3.074704
10.250000 3.074704
10.500000 3.076752
10.750000 3.159969
11.000000 3.828641
11.250000 4.598954
11.500000 4.598954
11.750000 4.598954
12.000000 4.598954
12.250000 4.598954
12.500000 4.598954
12.750000 4.598954
13.000000 4.598954
13.250000 4.598954
13.500000 4.598954
13.750000 4.598954
14.000000 4.598954
14.250000 4.598954
14.500000 4.598954
14.750000 4.598954
15.000000 4.598954
15.250000 4.598954
15.500000 4.598954
15.750000 4.598954
16.000000 4.598954
16.250000 4.598954
16.500000 4.598954
16.750000 4.598954
17.000000 4.598954
17.250000 5.504782
17.500000 6.263962
17.750000 6.512875
18.000000 6.512875
18.250000 6.512875
18.500000 6.512875
18.750000 6.512875
19.000000 6.512875
19.250000 6.862746
19.500000 6.999318
19.750000 7.127318
20.000000 7.191830
20.250000 7.303446
20.500000 7.376150
20.750000 7.415062
21.000000 7.513366
21.250000 7.551254
21.500000 7.595865
21.750000 7.641769
22.000000 7.741069
22.250000 7.863199
22.500000 9.030586
22.750000 9.343930
23.000000 10.372763
23.250000 10.424987
23.500000 10.472600
23.750000 10.472600
24.000000 10.472600
24.250000 10.472600
24.500000 10.472600
24.750000 10.472600
25.000000 10.472600
25.250000 10.472600
25.500000 10.472600
25.750000 10.472600
26.000000 10.472600
26.250000 10.490739
26.500000 10.550224
26.750000 10.906576
27.000000 11.693309
27.250000 11.693309
27.500000 11.693309
27.750000 11.693309
28.000000 11.693309
28.250000 11.693309
28.500000 13.122157
28.750000 13.166337
29.000000 13.575683
29.250000 13.575683
29.500000 13.575683
29.750000 13.575683
30.000000 13.575683
30.250000 13.575683
30.500000 13.646846
30.750000 13.765388
31.000000 13.888268
31.250000 13.978380
31.500000 14.085900
31.750000 14.125836
32.000000 14.139148
32.250000 14.145292
32.500000 14.160652
32.750000 14.174988
33.000000 14.197516
33.250000 14.219020
33.500000 14.237452
33.750000 14.258956
34.000000 14.281484
