0.000000 0.000000
0.250000 0.122662
0.500000 0.122662
0.750000 0.122662
1.000000 0.122662
1.250000 0.122662
1.500000 0.122662
1.750000 0.122662
2.000000 0.122662
2.250000 0.122662
2.500000 0.122662
2.750000 0.122662
3.000000 0.122662
3.250000 0.122662
3.500000 0.122662
3.750000 0.122662
4.000000 0.122662
4.250000 0.122662
4.500000 0.122662
4.750000 0.122662
5.000000 0.122662
5.250000 0.122662
5.500000 0.122662
5.750000 0.122662
6.000000 0.122662
6.250000 0.122662
6.500000 0.122662
6.750000 0.122662
7.000000 0.122662
7.250000 0.122662
7.500000 0.122662
7.750000 0.122662
8.000000 0.122662
8.250000 0.122662
8.500000 0.122662
8.750000 0.122662
9.000000 0.122662
9.250000 0.122662
9.500000 0.122662
9.750000 0.122662
10.000000 0.122662
10.250000 0.122662
10.500000 0.122662
10.750000 0.122662
11.000000 0.122662
11.250000 0.122662
11.500000 0.122662
11.750000 0.122662
12.000000 0.122662
12.250000 0.122662
