0.000000 0.000000
0.250000 0.179566
0.500000 0.179566
0.750000 0.179566
1.000000 0.179566
1.250000 0.179566
1.500000 0.179566
1.750000 0.179566
2.000000 0.179566
2.250000 0.179566
2.500000 0.179566
2.750000 0.179566
3.000000 0.179566
3.250000 0.179566
3.500000 0.179566
3.750000 0.179566
4.000000 0.179566
4.250000 0.179566
4.500000 0.179566
4.750000 0.179566
5.000000 0.179566
5.250000 0.179566
5.500000 0.179566
5.750000 0.179566
6.000000 0.179566
6.250000 0.179566
6.500000 0.179566
6.750000 0.179566
7.000000 0.179566
7.250000 0.179566
7.500000 0.179566
7.750000 0.179566
8.000000 0.179566
8.250000 0.179566
8.500000 0.179566
8.750000 0.179566
9.000000 0.179566
9.250000 0.179566
9.500000 0.179566
9.750000 0.179566
10.000000 0.179566
10.250000 0.179566
10.500000 0.179566
10.750000 0.179566
11.000000 0.179566
11.250000 0.179566
11.500000 0.179566
11.750000 0.179566
12.000000 0.179566
12.250000 0.179566
12.500000 0.179566
12.750000 0.179566
13.000000 0.179566
13.250000 0.179566
13.500000 0.179566
13.750000 0.179566
14.000000 0.179566
14.250000 0.179566
14.500000 0.179566
14.750000 0.179566
15.000000 0.179566
15.250000 0.179566
15.500000 0.179566
15.750000 0.179566
16.000000 0.179566
16.250000 0.179566
16.500000 0.179566
16.750000 0.179566
17.000000 0.179566
17.250000 0.179566
17.500000 0.179566
17.750000 0.179566
18.000000 0.179566
18.250000 0.179566
18.500000 0.179566
18.750000 0.179566
19.000000 0.179566
19.250000 0.179566
19.500000 0.179566
19.750000 0.179566
20.000000 0.179566
20.250000 0.179566
20.500000 0.179566
20.750000 0.179566
21.000000 0.179566
21.250000 0.179566
21.500000 0.179566
21.750000 0.179566
22.000000 0.179566
22.250000 0.179566
22.500000 0.179566
22.750000 0.179566
