0.000000 0.000000
0.250000 0.049614
0.500000 0.049614
0.750000 0.049614
1.000000 0.049614
1.250000 0.049614
1.500000 0.049614
1.750000 0.049614
2.000000 0.049614
2.250000 0.049614
2.500000 0.049614
2.750000 0.049614
3.000000 0.049614
3.250000 0.049614
3.500000 0.049614
3.750000 0.049614
4.000000 0.049614
4.250000 0.049614
4.500000 0.049614
4.750000 0.049614
5.000000 0.049614
5.250000 0.049614
5.500000 0.049614
5.750000 0.049614
6.000000 0.049614
6.250000 0.049614
6.500000 0.049614
6.750000 0.049614
7.000000 0.049614
7.250000 0.049614
7.500000 0.049614
7.750000 0.049614
8.000000 0.049614
8.250000 0.049614
8.500000 0.049614
8.750000 0.049614
9.000000 0.049614
9.250000 0.049614
9.500000 0.049614
9.750000 0.049614
10.000000 0.049614
10.250000 0.049614
10.500000 0.049614
10.750000 0.049614
11.000000 0.049614
11.250000 0.049614
11.500000 0.049614
11.750000 0.049614
12.000000 0.049614
12.250000 0.049614
12.500000 0.049614
12.750000 0.049614
13.000000 0.049614
13.250000 0.049614
13.500000 0.049614
13.750000 0.049614
14.000000 0.049614
14.250000 0.049614
14.500000 0.049614
14.750000 0.049614
15.000000 0.049614
15.250000 0.049614
15.500000 0.049614
15.750000 0.049614
16.000000 0.049614
16.250000 0.049614
16.500000 0.049614
16.750000 0.049614
17.000000 0.049614
17.250000 0.049614
17.500000 0.049614
17.750000 0.049614
18.000000 0.049614
18.250000 0.049614
18.500000 0.049614
18.750000 0.049614
19.000000 0.049614
19.250000 0.049614
19.500000 0.049614
19.750000 0.049614
20.000000 0.049614
20.250000 0.049614
20.500000 0.049614
20.750000 0.049614
21.000000 0.049614
21.250000 0.049614
21.500000 0.049614
21.750000 0.049614
22.000000 0.049614
22.250000 0.049614
