0.000000 0.000000
0.250000 0.686653
0.500000 0.686653
0.750000 0.686653
1.000000 0.686653
1.250000 0.686653
1.500000 0.686653
1.750000 0.686653
2.000000 0.762533
2.250000 0.860837
2.500000 0.954021
2.750000 1.061541
3.000000 1.128787
3.250000 1.182610
3.500000 1.182610
3.750000 1.182610
4.000000 1.182610
4.250000 1.182610
4.500000 1.182610
4.750000 1.182610
5.000000 1.182610
5.250000 1.182610
5.500000 1.182610
5.750000 1.182610
6.000000 1.182610
6.250000 1.182610
6.500000 1.182610
6.750000 1.182610
7.000000 1.182610
7.250000 1.182610
7.500000 1.182610
7.750000 1.182610
8.000000 1.182610
8.250000 1.182610
8.500000 1.182610
8.750000 1.182610
9.000000 1.182610
9.250000 1.182610
9.500000 1.182610
9.750000 1.182610
10.000000 1.182610
10.250000 1.182610
10.500000 1.182610
10.750000 1.182610
11.000000 1.182610
11.250000 1.182610
11.500000 1.182610
11.750000 1.182610
12.000000 1.182610
12.250000 1.182610
12.500000 1.182610
12.750000 1.182610
13.000000 1.182610
13.250000 1.182610
13.500000 1.182610
13.750000 1.182610
14.000000 1.182610
14.250000 1.182610
14.500000 1.182610
14.750000 1.182610
15.000000 1.182610
15.250000 1.182610
15.500000 1.182610
15.750000 1.182610
16.000000 1.182610
16.250000 1.182610
16.500000 1.182610
16.750000 1.182610
17.000000 1.182610
17.250000 1.182610
17.500000 1.182610
17.750000 1.182610
18.000000 1.182610
18.250000 1.182610
18.500000 1.182610
18.750000 1.182610
19.000000 1.182610
19.250000 1.182610
19.500000 1.182610
19.750000 1.182610
20.000000 1.182610
20.250000 1.182610
20.500000 1.232825
20.750000 1.293241
21.000000 1.413049
21.250000 1.455033
21.500000 1.470393
21.750000 1.493945
22.000000 1.542073
22.250000 1.568697
22.500000 1.718989
22.750000 1.718989
23.000000 1.718989
23.250000 1.718989
23.500000 1.718989
23.750000 1.718989
24.000000 1.718989
24.250000 1.718989
24.500000 1.718989
24.750000 1.718989
25.000000 1.718989
25.250000 1.718989
25.500000 1.718989
25.750000 1.718989
26.000000 1.718989
26.250000 1.718989
26.500000 1.718989
26.750000 1.718989
27.000000 1.718989
27.250000 1.718989
27.500000 1.718989
27.750000 1.718989
28.000000 1.718989
28.250000 1.718989
28.500000 1.718989
28.750000 1.718989
29.000000 1.718989
29.250000 1.718989
29.500000 1.718989
29.750000 1.718989
30.000000 1.718989
30.250000 1.718989
30.500000 1.718989
30.750000 1.718989
31.000000 1.718989
31.250000 1.718989
31.500000 1.718989
31.750000 1.718989
32.000000 1.718989
32.250000 1.718989
32.500000 1.718989
32.750000 1.718989
33.000000 1.718989
33.250000 1.718989
33.500000 1.718989
33.750000 1.718989
34.000000 1.718989
