0.000000 0.000000
0.250000 0.012452
0.500000 0.012452
0.750000 0.012452
1.000000 0.012452
1.250000 0.012452
1.500000 0.012452
1.750000 0.012452
2.000000 0.012452
2.250000 0.012452
2.500000 0.012452
2.750000 0.012452
3.000000 0.012452
3.250000 0.012452
3.500000 0.012452
3.750000 0.012452
4.000000 0.012452
4.250000 0.012452
4.500000 0.012452
4.750000 0.012452
5.000000 0.012452
5.250000 0.012452
5.500000 0.012452
5.750000 0.012452
6.000000 0.012452
6.250000 0.012452
6.500000 0.012452
6.750000 0.012452
7.000000 0.012452
7.250000 0.012452
7.500000 0.012452
7.750000 0.012452
8.000000 0.012452
8.250000 0.012452
8.500000 0.012452
8.750000 0.012452
9.000000 0.012452
9.250000 0.012452
9.500000 0.012452
9.750000 0.012452
10.000000 0.012452
10.250000 0.012452
10.500000 0.012452
10.750000 0.012452
11.000000 0.012452
11.250000 0.012452
11.500000 0.012452
11.750000 0.012452
12.000000 0.012452
12.250000 0.012452
12.500000 0.012452
12.750000 0.012452
13.000000 0.012452
13.250000 0.012452
13.500000 0.012452
13.750000 0.012452
14.000000 0.012452
14.250000 0.012452
14.500000 0.012452
14.750000 0.012452
15.000000 0.012452
15.250000 0.012452
15.500000 0.012452
15.750000 0.012452
16.000000 0.012452
16.250000 0.012452
16.500000 0.012452
16.750000 0.012452
17.000000 0.012452
17.250000 0.012452
17.500000 0.012452
17.750000 0.012452
18.000000 0.012452
18.250000 0.012452
18.500000 0.012452
18.750000 0.012452
19.000000 0.012452
19.250000 0.012452
19.500000 0.012452
19.750000 0.012452
20.000000 0.012452
20.250000 0.012452
20.500000 0.012452
20.750000 0.012452
21.000000 0.012452
21.250000 0.012452
21.500000 0.025636
21.750000 0.025636
22.000000 0.025636
22.250000 0.025636
22.500000 0.025636
22.750000 0.025636
23.000000 0.025636
23.250000 0.025636
23.500000 0.025636
23.750000 0.025636
24.000000 0.025636
24.250000 0.039716
24.500000 0.075300
24.750000 0.111012
25.000000 0.142500
25.250000 0.142500
25.500000 0.142500
25.750000 0.145306
26.000000 0.145306
26.250000 0.145306
26.500000 0.145306
26.750000 0.145306
27.000000 0.145306
27.250000 0.145306
27.500000 0.145306
27.750000 0.145306
28.000000 0.145306
28.250000 0.145306
28.500000 0.145306
28.750000 0.145306
29.000000 0.145306
29.250000 0.145306
29.500000 0.145306
29.750000 0.145306
30.000000 0.145306
30.250000 0.145306
30.500000 0.145306
30.750000 0.145306
31.000000 0.145306
31.250000 0.145306
31.500000 0.145306
31.750000 0.145306
32.000000 0.145306
32.250000 0.145306
32.500000 0.145306
32.750000 0.145306
33.000000 0.145306
33.250000 0.145306
33.500000 0.145306
33.750000 0.145306
34.000000 0.145306
34.250000 0.145306
34.500000 0.145306
34.750000 0.145306
35.000000 0.145306
35.250000 0.145306
35.500000 0.145306
35.750000 0.145306
36.000000 0.145306
36.250000 0.145306
36.500000 0.145306
36.750000 0.145306
37.000000 0.145306
37.250000 0.145306
37.500000 0.145306
37.750000 0.145306
38.000000 0.145306
38.250000 0.145306
38.500000 0.145306
38.750000 0.145306
39.000000 0.145306
39.250000 0.145306
39.500000 0.145306
39.750000 0.145306
40.000000 0.145306
40.250000 0.145306
40.500000 0.145306
40.750000 0.145306
41.000000 0.145306
41.250000 0.145306
41.500000 0.145306
41.750000 0.145306
42.000000 0.145306
42.250000 0.145306
42.500000 0.145306
42.750000 0.145306
43.000000 0.145306
43.250000 0.145306
43.500000 0.145306
43.750000 0.145306
44.000000 0.145306
44.250000 0.145306
44.500000 0.145306
44.750000 0.145306
45.000000 0.145306
45.250000 0.145306
45.500000 0.145306
45.750000 0.145306
46.000000 0.145306
46.250000 0.145306
46.500000 0.145306
46.750000 0.145306
47.000000 0.145306
47.250000 0.145306
47.500000 0.145306
47.750000 0.145306
48.000000 0.145306
48.250000 0.145306
48.500000 0.145306
48.750000 0.145306
49.000000 0.145306
49.250000 0.145306
49.500000 0.145306
49.750000 0.145306
50.000000 0.145306
50.250000 0.145306
50.500000 0.145306
50.750000 0.145306
51.000000 0.145306
51.250000 0.145306
51.500000 0.145306
51.750000 0.145306
52.000000 0.145306
52.250000 0.145306
52.500000 0.145306
52.750000 0.145306
53.000000 0.145306
53.250000 0.145306
53.500000 0.145306
53.750000 0.145306
54.000000 0.145306
54.250000 0.145306
54.500000 0.145306
54.750000 0.145306
55.000000 0.145306
55.250000 0.145306
55.500000 0.145306
55.750000 0.145306
56.000000 0.145306
56.250000 0.145306
56.500000 0.145306
56.750000 0.145306
57.000000 0.145306
57.250000 0.145306
57.500000 0.145306
57.750000 0.145306
58.000000 0.145306
58.250000 0.145306
58.500000 0.145306
58.750000 0.145306
59.000000 0.145306
59.250000 0.145306
59.500000 0.145306
59.750000 0.145306
60.000000 0.145306
60.250000 0.145306
60.500000 0.145306
60.750000 0.145306
61.000000 0.145306
61.250000 0.145306
61.500000 0.145306
61.750000 0.145306
62.000000 0.145306
62.250000 0.145306
62.500000 0.145306
62.750000 0.145306
63.000000 0.145306
63.250000 0.145306
63.500000 0.145306
63.750000 0.145306
64.000000 0.145306
64.250000 0.145306
64.500000 0.145306
64.750000 0.145306
65.000000 0.145306
65.250000 0.145306
65.500000 0.145306
65.750000 0.145306
66.000000 0.145306
66.250000 0.145306
66.500000 0.145306
66.750000 0.145306
67.000000 0.145306
67.250000 0.145306
67.500000 0.145306
67.750000 0.145306
68.000000 0.145306
68.250000 0.145306
68.500000 0.145306
68.750000 0.145306
69.000000 0.145306
69.250000 0.145306
69.500000 0.145306
69.750000 0.145306
70.000000 0.145306
70.250000 0.145306
70.500000 0.145306
70.750000 0.145306
71.000000 0.145306
71.250000 0.145306
71.500000 0.145306
71.750000 0.145306
72.000000 0.145306
72.250000 0.145306
72.500000 0.145306
72.750000 0.145306
73.000000 0.145306
73.250000 0.145306
73.500000 0.145306
73.750000 0.145306
74.000000 0.145306
74.250000 0.145306
74.500000 0.145306
74.750000 0.145306
75.000000 0.145306
75.250000 0.145306
75.500000 0.145306
75.750000 0.145306
76.000000 0.145306
76.250000 0.145306
76.500000 0.145306
76.750000 0.145306
77.000000 0.145306
77.250000 0.145306
77.500000 0.145306
77.750000 0.145306
78.000000 0.145306
78.250000 0.145306
78.500000 0.145306
78.750000 0.145306
79.000000 0.145306
79.250000 0.145306
79.500000 0.145306
79.750000 0.145306
80.000000 0.145306
80.250000 0.145306
80.500000 0.145306
80.750000 0.145306
81.000000 0.145306
81.250000 0.145306
81.500000 0.145306
81.750000 0.145306
82.000000 0.145306
82.250000 0.145306
82.500000 0.145306
82.750000 0.145306
83.000000 0.145306
83.250000 0.145306
83.500000 0.145306
83.750000 0.145306
84.000000 0.145306
84.250000 0.145306
84.500000 0.145306
84.750000 0.145306
85.000000 0.145306
85.250000 0.145306
85.500000 0.145306
85.750000 0.145306
86.000000 0.145306
86.250000 0.145306
86.500000 0.145306
86.750000 0.145306
87.000000 0.145306
87.250000 0.145306
87.500000 0.145306
87.750000 0.145306
88.000000 0.145306
88.250000 0.145306
88.500000 0.145306
88.750000 0.145306
89.000000 0.145306
89.250000 0.145306
89.500000 0.145306
89.750000 0.145306
90.000000 0.145306
90.250000 0.145306
90.500000 0.145306
90.750000 0.145306
91.000000 0.145306
91.250000 0.145306
91.500000 0.145306
91.750000 0.145306
92.000000 0.145306
92.250000 0.145306
92.500000 0.145306
92.750000 0.145306
93.000000 0.145306
93.250000 0.145306
93.500000 0.145306
93.750000 0.145306
94.000000 0.145306
94.250000 0.145306
94.500000 0.145306
94.750000 0.145306
95.000000 0.145306
95.250000 0.145306
95.500000 0.145306
95.750000 0.145306
96.000000 0.145306
96.250000 0.145306
96.500000 0.145306
96.750000 0.145306
97.000000 0.145306
97.250000 0.145306
97.500000 0.145306
97.750000 0.145306
98.000000 0.145306
98.250000 0.145306
98.500000 0.145306
98.750000 0.145306
99.000000 0.145306
99.250000 0.145306
99.500000 0.145306
