0.000000 0.000000
0.250000 0.107612
0.500000 0.144340
0.750000 0.386107
1.000000 0.667637
1.250000 0.941757
1.500000 1.204137
1.750000 1.463317
2.000000 1.724673
2.250000 1.985517
2.500000 2.247001
2.750000 2.507333
3.000000 2.768305
3.250000 3.047463
3.500000 3.308307
3.750000 3.571269
4.000000 3.832113
4.250000 4.092829
4.500000 4.353545
4.750000 4.614261
5.000000 4.875489
5.250000 5.136333
5.500000 5.412881
5.750000 5.691765
6.000000 5.978034
6.250000 6.257227
6.500000 6.538465
6.750000 6.876155
7.000000 7.106766
7.250000 7.386215
7.500000 7.662778
7.750000 7.940749
8.000000 8.225540
8.250000 8.509667
8.500000 8.789537
8.750000 9.065203
9.000000 9.343243
9.250000 9.619549
9.500000 9.895343
9.750000 10.173057
10.000000 10.448595
10.250000 10.723237
10.500000 11.005303
10.750000 11.276105
11.000000 11.552027
11.250000 11.827693
11.500000 12.103999
11.750000 12.379921
12.000000 12.656227
12.250000 12.933173
12.500000 13.207687
12.750000 13.485017
13.000000 13.760555
13.250000 14.036605
13.500000 14.312527
13.750000 14.587937
14.000000 14.869430
14.250000 15.159119
14.500000 15.435297
14.750000 15.713465
15.000000 15.989643
15.250000 16.261692
15.500000 16.529120
15.750000 16.797060
16.000000 17.066408
16.250000 17.332556
16.500000 17.600880
16.750000 17.868820
17.000000 18.136888
17.250000 18.404700
17.500000 18.672000
17.750000 18.940324
18.000000 19.207880
18.250000 19.475948
18.500000 19.743760
18.750000 20.011700
19.000000 20.279768
19.250000 20.547964
19.500000 20.817952
19.750000 21.083588
20.000000 21.351400
20.250000 21.619340
20.500000 21.905995
20.750000 22.195847
21.000000 22.477633
21.250000 22.782331
21.500000 23.067109
21.750000 23.348456
22.000000 23.626447
22.250000 24.145808
