0.000000 0.000000
0.250000 0.074023
0.500000 0.074023
0.750000 0.074023
1.000000 0.074023
1.250000 0.074023
1.500000 0.074023
1.750000 0.074023
2.000000 0.074023
2.250000 0.074023
2.500000 0.074023
2.750000 0.074023
3.000000 0.074023
3.250000 0.074023
3.500000 0.074023
3.750000 0.074023
4.000000 0.074023
4.250000 0.074023
4.500000 0.074023
4.750000 0.074023
5.000000 0.074023
5.250000 0.074023
5.500000 0.074023
5.750000 0.074023
6.000000 0.074023
6.250000 0.074023
6.500000 0.074023
6.750000 0.074023
7.000000 0.074023
7.250000 0.074023
7.500000 0.074023
7.750000 0.074023
8.000000 0.074023
8.250000 0.074023
8.500000 0.074023
8.750000 0.074023
9.000000 0.074023
9.250000 0.074023
9.500000 0.074023
9.750000 0.074023
10.000000 0.074023
10.250000 0.074023
10.500000 0.074023
10.750000 0.074023
11.000000 0.074023
11.250000 0.074023
11.500000 0.074023
11.750000 0.074023
12.000000 0.074023
12.250000 0.074023
