0.328761 0.000000
6.532638 0.170985
6.724571 0.170985
16.905370 0.170985
17.184529 0.170985
17.510976 0.170985
17.878743 0.170985
18.291431 0.170985
18.640805 0.170985
19.024104 0.170985
19.421284 0.170985
19.776164 0.170985
20.086811 0.170985
20.453409 8.607440
20.843660 21.273844
21.157881 43.392727
21.518883 32.290165
21.882451 20.720832
22.269074 24.582508
22.667368 28.319367
23.050697 34.251553
23.393042 35.144937
23.764885 34.638479
24.148782 34.638479
24.691139 34.638479
25.119174 34.638479
25.492681 34.638479
25.798614 34.638479
26.224388 34.638479
26.583565 34.638479
27.049652 34.638479
27.449747 34.638479
27.769363 34.638479
28.085054 34.638479
28.608262 34.638479
29.045957 34.638479
29.484933 34.638479
31.050447 34.638479
31.393923 34.638479
31.757530 34.638479
32.127777 34.638479
32.461829 34.638479
32.769267 34.638479
33.137572 34.638479
33.495712 34.638479
33.837986 34.638479
34.149318 34.638479
35.878584 34.638479
37.179258 34.638479
38.849928 34.638479
40.929370 34.638479
41.282921 34.638479
41.624395 34.638479
41.963707 34.638479
42.318402 34.638479
42.686913 34.638479
47.965729 34.638479
48.332679 34.638479
48.688701 34.638479
49.071249 34.638479
49.943551 34.638479
50.307841 34.638479
50.587116 34.638479
52.916599 34.638479
53.415249 34.638479
53.967159 34.638479
57.387687 34.638479
57.764415 34.638479
58.124583 34.638479
58.512318 34.638479
58.881827 34.638479
59.271525 34.638479
59.632671 34.638479
60.050310 34.638479
60.438306 34.638479
60.829697 34.638479
61.242672 34.638479
61.582929 34.638479
61.967474 34.638479
62.365740 34.638479
62.782745 34.638479
63.164146 34.638479
63.531831 34.638479
65.337564 34.638479
65.774845 34.638479
66.126964 34.638479
66.368848 34.638479
66.812147 34.638479
67.216915 34.638479
68.773853 34.638479
70.010902 34.638479
72.053359 34.638479
