0.000000 0.000000
0.250000 0.010610
0.500000 0.010610
0.750000 0.010610
1.000000 0.010610
1.250000 0.010610
1.500000 0.010610
1.750000 0.010610
2.000000 0.010610
2.250000 0.010610
2.500000 0.010610
2.750000 0.010610
3.000000 0.010610
3.250000 0.029052
3.500000 0.029052
3.750000 0.029052
4.000000 0.029052
4.250000 0.029052
4.500000 0.029052
4.750000 0.029052
5.000000 0.029052
5.250000 0.029052
5.500000 0.029052
5.750000 0.029052
6.000000 0.029052
6.250000 0.029052
6.500000 0.029052
6.750000 0.029052
7.000000 0.029052
7.250000 0.029052
7.500000 0.029052
7.750000 0.029052
8.000000 0.029052
8.250000 0.029052
8.500000 0.029052
8.750000 0.029052
9.000000 0.029052
9.250000 0.029052
9.500000 0.029052
9.750000 0.029052
10.000000 0.029052
10.250000 0.029052
10.500000 0.029052
10.750000 0.029052
11.000000 0.029052
11.250000 0.029052
11.500000 0.029052
11.750000 0.029052
12.000000 0.029052
12.250000 0.029052
12.500000 0.029052
12.750000 0.029052
13.000000 0.029052
13.250000 0.029052
13.500000 0.029052
13.750000 0.029052
14.000000 0.029052
14.250000 0.029052
14.500000 0.029052
14.750000 0.029052
15.000000 0.029052
15.250000 0.029052
15.500000 0.029052
15.750000 0.029052
16.000000 0.029052
16.250000 0.029052
16.500000 0.029052
16.750000 0.029052
17.000000 0.029052
17.250000 0.029052
17.500000 0.029052
17.750000 0.029052
18.000000 0.029052
18.250000 0.029052
18.500000 0.029052
18.750000 0.029052
19.000000 0.029052
19.250000 0.029052
19.500000 0.029052
19.750000 0.029052
20.000000 0.029052
20.250000 0.029052
20.500000 0.029052
20.750000 0.029052
21.000000 0.029052
21.250000 0.029052
21.500000 0.029052
21.750000 0.029052
22.000000 0.029052
22.250000 0.029052
