0.000000 0.000000
0.250000 0.131895
0.500000 0.131895
0.750000 0.131895
1.000000 0.131895
1.250000 0.131895
1.500000 0.131895
1.750000 0.131895
2.000000 7.204666
2.250000 15.200008
2.500000 14.140520
2.750000 12.557125
3.000000 12.270601
3.250000 12.270601
3.500000 12.270601
3.750000 12.270601
4.000000 12.270601
4.250000 12.270601
4.500000 12.270601
4.750000 12.270601
5.000000 12.270601
5.250000 12.270601
5.500000 12.270601
5.750000 12.270601
6.000000 12.270601
6.250000 12.270601
6.500000 12.270601
6.750000 12.270601
7.000000 12.270601
7.250000 12.270601
7.500000 12.270601
7.750000 12.270601
8.000000 12.270601
8.250000 12.270601
8.500000 12.270601
8.750000 12.270601
9.000000 12.270601
9.250000 12.270601
9.500000 12.270601
9.750000 12.270601
10.000000 12.270601
10.250000 12.270601
10.500000 12.270601
10.750000 12.270601
11.000000 12.270601
11.250000 12.270601
11.500000 12.270601
11.750000 12.270601
12.000000 12.270601
12.250000 12.270601
12.500000 12.270601
12.750000 12.270601
13.000000 12.270601
13.250000 12.270601
13.500000 12.270601
13.750000 12.270601
14.000000 12.270601
14.250000 12.270601
14.500000 12.270601
14.750000 12.270601
15.000000 12.270601
15.250000 12.270601
15.500000 12.270601
15.750000 12.270601
16.000000 12.270601
16.250000 12.270601
16.500000 12.270601
16.750000 12.270601
17.000000 12.270601
17.250000 12.270601
17.500000 12.270601
17.750000 12.270601
18.000000 12.270601
18.250000 12.270601
18.500000 12.270601
18.750000 12.270601
19.000000 12.270601
19.250000 12.270601
19.500000 12.270601
19.750000 12.270601
20.000000 12.270601
20.250000 12.270601
20.500000 13.623273
20.750000 18.622744
21.000000 18.631137
21.250000 24.479991
21.500000 24.060505
21.750000 26.014073
22.000000 29.212774
22.250000 26.450873
22.500000 26.475845
22.750000 26.475845
23.000000 26.475845
23.250000 26.475845
23.500000 26.475845
23.750000 26.475845
24.000000 26.475845
24.250000 26.475845
24.500000 26.475845
24.750000 26.475845
25.000000 26.475845
25.250000 26.475845
25.500000 26.475845
25.750000 26.475845
26.000000 26.475845
26.250000 26.475845
26.500000 26.475845
26.750000 26.475845
27.000000 26.475845
27.250000 26.475845
27.500000 26.475845
27.750000 26.475845
28.000000 26.475845
28.250000 26.475845
28.500000 26.475845
28.750000 26.475845
29.000000 26.475845
29.250000 26.475845
29.500000 26.475845
29.750000 26.475845
30.000000 26.475845
30.250000 26.475845
30.500000 26.475845
30.750000 26.475845
31.000000 26.475845
31.250000 26.475845
31.500000 26.475845
31.750000 26.475845
32.000000 26.475845
32.250000 26.475845
32.500000 26.475845
32.750000 26.475845
33.000000 26.475845
33.250000 26.475845
33.500000 26.475845
33.750000 26.475845
34.000000 26.475845
