0.000000 0.000000
0.250000 0.010964
0.500000 0.010964
0.750000 0.010964
1.000000 0.010964
1.250000 0.010964
1.500000 0.010964
1.750000 0.010964
2.000000 0.010964
2.250000 0.010964
2.500000 0.010964
2.750000 0.010964
3.000000 0.010964
3.250000 0.010964
3.500000 0.010964
3.750000 0.010964
4.000000 0.010964
4.250000 0.010964
4.500000 0.010964
4.750000 0.010964
5.000000 0.010964
5.250000 0.010964
5.500000 0.010964
5.750000 0.010964
6.000000 0.010964
6.250000 0.010964
6.500000 0.010964
6.750000 0.010964
7.000000 0.010964
7.250000 0.010964
7.500000 0.010964
7.750000 0.010964
8.000000 0.010964
8.250000 0.010964
8.500000 0.010964
8.750000 0.010964
9.000000 0.010964
9.250000 0.010964
9.500000 0.010964
