0.005762 0.814925
1.878254 1.773651
3.909505 1.662292
5.900816 0.290067
7.899864 0.851617
9.904250 0.909084
11.903874 0.907543
13.904446 0.924965
15.904446 0.308561
17.904403 0.857802
19.909377 0.933294
21.906398 0.762041
23.924885 0.692825
25.908163 0.030916
27.907944 0.369334
29.911008 0.736808
31.921831 0.743308
33.913412 0.943615
35.916987 0.147414
37.914074 0.953041
39.925944 0.973319
41.912787 0.588025
43.916583 0.318428
45.929830 0.770216
47.964155 0.590676
49.924644 0.738471
51.919619 0.024868
53.919512 0.031710
55.926284 0.555110
57.920153 0.092878
59.929496 0.662479
61.927914 0.631172
63.934939 0.841190
65.928149 0.982320
67.929661 0.832657
69.931370 0.495144
71.931909 0.355455
73.932334 0.018376
75.966533 0.669705
77.935125 0.805175
79.935487 0.795781
81.941767 0.922622
83.938506 0.631072
85.940874 0.271038
87.941295 0.560439
90.145166 0.044148
92.156347 0.202157
94.152025 0.993009
96.149820 0.316776
98.231116 0.374699
100.216439 0.986060
102.222045 0.144334
104.295085 0.885948
106.221719 0.852659
108.216483 0.618256
110.217764 0.411396
112.219820 0.324107
114.224885 0.022383
116.230343 0.015632
118.223909 0.021302
120.222154 0.016050
122.229974 0.018637
124.275092 0.012299
126.278128 0.011040
128.887645 0.011290
130.887126 0.019647
132.891244 0.019186
134.889609 0.002001
142.858941 0.000000
143.712341 0.032037
146.175761 0.009960
147.615381 0.011953
149.636155 0.015093
151.620311 0.014571
153.622887 0.019575
155.624613 0.020911
157.745517 0.017326
159.746132 0.020790
161.843292 0.031741
163.760591 0.033763
165.743040 0.023652
167.813403 0.014699
169.747192 0.017472
171.745986 0.016208
173.746541 0.012193
175.749338 0.001330
179.178247 0.000000
181.127657 0.006117
