0.000000 0.000000
0.250000 0.113897
0.500000 0.113897
0.750000 0.113897
1.000000 0.113897
1.250000 0.113897
1.500000 0.113897
1.750000 0.113897
2.000000 0.113897
2.250000 0.113897
2.500000 0.113897
2.750000 0.113897
3.000000 0.113897
3.250000 0.113897
3.500000 0.113897
3.750000 0.113897
4.000000 0.113897
4.250000 0.113897
4.500000 0.113897
4.750000 0.113897
5.000000 0.113897
5.250000 0.113897
5.500000 0.113897
5.750000 0.113897
6.000000 0.113897
6.250000 0.113897
6.500000 0.113897
6.750000 0.113897
7.000000 0.113897
7.250000 0.113897
7.500000 0.113897
7.750000 0.113897
8.000000 0.113897
8.250000 0.113897
8.500000 0.113897
8.750000 0.113897
9.000000 0.113897
9.250000 0.113897
9.500000 0.113897
9.750000 0.113897
10.000000 0.113897
10.250000 0.113897
10.500000 0.113897
10.750000 0.113897
11.000000 0.113897
11.250000 0.113897
11.500000 0.113897
11.750000 0.113897
12.000000 0.113897
12.250000 0.113897
