0.000000 0.000000
0.250000 0.019616
0.500000 0.019616
0.750000 0.019616
1.000000 0.019616
1.250000 0.019616
1.500000 0.019616
1.750000 0.019616
2.000000 0.019616
2.250000 0.019616
2.500000 0.019616
2.750000 0.019616
3.000000 0.019616
3.250000 0.019616
3.500000 0.019616
3.750000 0.019616
4.000000 0.019616
4.250000 0.019616
4.500000 0.019616
4.750000 0.019616
5.000000 0.019616
5.250000 0.519036
5.500000 0.541152
5.750000 0.561292
6.000000 0.585232
6.250000 0.608868
6.500000 0.633188
6.750000 0.658876
7.000000 0.685324
7.250000 0.716256
7.500000 0.742552
7.750000 0.766340
8.000000 0.790736
8.250000 0.811332
8.500000 0.836792
8.750000 0.861112
9.000000 0.884444
9.250000 0.908460
9.500000 0.933616
