0.000000 0.000000
0.250000 18.420100
0.500000 13.124940
0.750000 16.250201
1.000000 16.250201
1.250000 16.250201
1.500000 16.250201
1.750000 16.250201
2.000000 16.250201
2.250000 16.250201
2.500000 16.250201
2.750000 16.250201
3.000000 16.250201
3.250000 16.250201
3.500000 16.250201
3.750000 16.250201
4.000000 16.250201
4.250000 16.250201
4.500000 16.250201
4.750000 16.250201
5.000000 16.250201
5.250000 16.250201
5.500000 16.250201
5.750000 16.250201
6.000000 16.250201
6.250000 16.250201
6.500000 16.250201
6.750000 16.250201
7.000000 16.250201
7.250000 16.250201
7.500000 16.250201
7.750000 16.250201
8.000000 16.250201
8.250000 16.250201
8.500000 16.250201
8.750000 16.250201
9.000000 16.250201
9.250000 16.250201
9.500000 16.250201
9.750000 16.250201
10.000000 16.250201
10.250000 16.250201
10.500000 16.250201
10.750000 16.250201
11.000000 16.250201
11.250000 16.250201
11.500000 16.250201
11.750000 16.250201
12.000000 16.250201
12.250000 16.250201
