0.000000 0.044098
0.250000 0.157401
0.500000 0.157401
0.750000 0.157401
1.000000 0.157401
1.250000 0.157401
1.500000 0.157401
1.750000 0.157401
2.000000 0.157401
2.250000 0.157401
2.500000 0.157401
2.750000 0.157401
3.000000 0.157401
3.250000 0.157401
3.500000 0.157401
3.750000 0.157401
4.000000 0.157401
4.250000 0.157401
4.500000 0.157401
4.750000 0.157401
5.000000 0.157401
5.250000 0.157401
5.500000 0.157401
5.750000 0.157401
6.000000 0.157401
6.250000 0.157401
6.500000 0.157401
6.750000 0.157401
7.000000 0.157401
7.250000 0.157401
7.500000 0.157401
7.750000 0.157401
8.000000 0.157401
8.250000 0.157401
8.500000 0.157401
8.750000 0.157401
9.000000 0.157401
9.250000 0.157401
9.500000 0.157401
9.750000 0.157401
10.000000 0.157401
10.250000 0.157401
10.500000 0.157401
10.750000 0.157401
11.000000 0.157401
11.250000 0.157401
11.500000 0.157401
11.750000 0.157401
12.000000 0.157401
12.250000 0.157401
12.500000 0.157401
12.750000 0.157401
13.000000 0.157401
13.250000 0.157401
13.500000 0.157401
13.750000 0.157401
14.000000 0.157401
14.250000 0.157401
14.500000 0.157401
14.750000 0.157401
15.000000 0.157401
15.250000 0.157401
15.500000 0.157401
15.750000 0.157401
16.000000 0.157401
16.250000 0.157401
16.500000 0.157401
16.750000 0.157401
17.000000 0.157401
17.250000 0.157401
17.500000 0.157401
17.750000 0.157401
18.000000 0.157401
18.250000 0.157401
18.500000 0.157401
18.750000 0.157401
19.000000 0.157401
19.250000 0.157401
19.500000 0.157401
19.750000 0.157401
20.000000 0.157401
20.250000 0.157401
20.500000 0.157401
20.750000 0.157401
21.000000 0.157401
21.250000 0.157401
21.500000 0.157401
21.750000 0.157401
22.000000 0.157401
22.250000 0.157401
22.500000 0.157401
22.750000 0.157401
