0.000000 0.000000
0.250000 0.763734
0.500000 0.767511
0.750000 0.892343
1.000000 0.896120
1.250000 0.899897
1.500000 0.903674
1.750000 0.907451
2.000000 0.911228
2.250000 0.915005
2.500000 0.918782
2.750000 0.922559
3.000000 0.926336
3.250000 0.930113
3.500000 0.933890
3.750000 0.937667
4.000000 0.941444
4.250000 0.945221
4.500000 0.948998
4.750000 0.952775
5.000000 0.956552
5.250000 0.960329
5.500000 0.964106
5.750000 0.967883
6.000000 0.971660
6.250000 0.975437
6.500000 0.979214
6.750000 0.982991
7.000000 0.986768
7.250000 0.990545
7.500000 0.994322
7.750000 0.998099
8.000000 1.001876
8.250000 1.005653
8.500000 1.009430
8.750000 1.013207
9.000000 1.016984
9.250000 1.020761
9.500000 1.024538
9.750000 1.028315
10.000000 1.032092
10.250000 1.035869
10.500000 1.039646
10.750000 1.043423
11.000000 1.047200
11.250000 1.050977
11.500000 1.054754
11.750000 1.058531
12.000000 1.062308
12.250000 1.066085
