0.000000 0.000000
0.250000 0.010432
0.500000 0.010432
0.750000 0.010432
1.000000 0.010432
1.250000 0.010432
1.500000 0.010432
1.750000 0.010432
2.000000 0.010432
2.250000 0.010432
2.500000 0.010432
2.750000 0.010432
3.000000 0.010432
3.250000 0.010432
3.500000 0.010432
3.750000 0.010432
4.000000 0.010432
4.250000 0.010432
4.500000 0.010432
4.750000 0.010432
5.000000 0.010432
5.250000 0.010432
5.500000 0.010432
5.750000 0.010432
6.000000 0.010432
6.250000 0.010432
6.500000 0.010432
6.750000 0.010432
7.000000 0.010432
7.250000 0.010432
7.500000 0.010432
7.750000 0.010432
8.000000 0.010432
8.250000 0.010432
8.500000 0.010432
8.750000 0.010432
9.000000 0.010432
9.250000 0.010432
9.500000 0.010432
9.750000 0.010432
10.000000 0.010432
10.250000 0.010432
10.500000 0.010432
10.750000 0.010432
11.000000 0.010432
11.250000 0.010432
11.500000 0.010432
11.750000 0.010432
12.000000 0.010432
12.250000 0.010432
12.500000 0.010432
12.750000 0.010432
13.000000 0.010432
13.250000 0.010432
13.500000 0.010432
13.750000 0.010432
14.000000 0.010432
14.250000 0.010432
14.500000 0.010432
14.750000 0.010432
15.000000 0.010432
15.250000 0.010432
15.500000 0.010432
15.750000 0.010432
16.000000 0.010432
16.250000 0.010432
16.500000 0.010432
16.750000 0.010432
17.000000 0.010432
17.250000 0.010432
17.500000 0.010432
17.750000 0.010432
18.000000 0.010432
18.250000 0.010432
18.500000 0.010432
18.750000 0.010432
19.000000 0.010432
19.250000 0.010432
19.500000 0.010432
19.750000 0.010432
20.000000 0.010432
20.250000 0.010432
20.500000 0.010432
20.750000 0.010432
21.000000 0.010432
21.250000 0.010432
21.500000 0.010432
21.750000 0.010432
22.000000 0.010432
22.250000 0.010432
