0.011198 0.000000
1.880157 0.805348
3.875438 0.949451
5.886831 0.000000
7.890069 0.000000
9.881438 0.000000
11.880390 0.000000
13.886779 0.000000
15.901086 0.000000
17.890961 0.000000
19.881508 0.000000
21.887888 5.587499
23.886310 0.703962
25.880886 10.400471
27.885682 6.799979
29.884561 0.000000
31.895544 14.296212
33.885889 0.384933
35.884385 2.752802
37.884971 10.562867
39.885211 1.310750
41.892004 5.471533
43.905562 0.372582
45.892401 0.408084
47.889489 0.461311
49.890510 0.468108
51.901231 0.635568
53.889129 0.635568
55.889975 0.635568
57.891131 2.597375
59.894268 3.976056
61.901228 0.953856
63.890878 1.047067
65.892057 1.047067
67.891532 13.068293
69.895338 1.413082
71.890149 1.594621
73.893869 1.640882
75.891379 2.897574
77.893677 1.846390
79.894458 1.936441
81.894695 1.957972
83.897043 1.957972
85.893169 1.957972
87.893848 1.957972
89.894613 1.957972
91.894195 1.957972
93.895047 1.957972
95.897043 1.957972
97.897499 1.957972
99.904214 1.957972
101.897803 1.957972
103.898135 1.957972
105.898495 1.957972
107.898781 1.957972
109.897395 1.957972
111.900746 1.957972
113.901785 1.957972
115.898929 1.957972
117.902372 1.957972
119.906800 1.957972
121.901195 1.957972
123.901841 1.957972
125.905000 1.957972
127.900428 1.957972
129.902978 1.957972
131.905953 1.957972
133.905685 1.957972
135.903701 1.957972
137.920448 1.957972
139.908365 1.957972
141.904390 1.957972
143.910961 1.957972
145.907576 1.957972
147.908969 1.957972
149.906847 1.957972
151.910028 1.957972
153.909653 1.957972
155.909189 1.957972
157.913430 1.957972
159.912156 1.957972
161.909823 1.957972
163.916972 1.957972
165.918862 1.957972
167.918915 1.957972
169.922970 1.957972
171.919334 1.957972
173.926501 1.957972
175.922552 1.957972
177.924428 1.957972
179.924912 1.957972
181.921109 1.957972
183.921882 1.957972
185.926409 1.957972
187.923045 1.957972
189.924746 1.957972
191.926661 1.957972
193.928097 1.957972
195.923966 1.957972
197.929084 1.957972
199.928011 1.957972
201.925734 1.957972
203.933451 1.957972
205.928307 1.957972
207.931861 1.957972
209.932426 1.957972
211.935119 1.957972
213.936620 1.957972
215.933614 1.957972
217.936559 1.957972
219.936027 1.957972
221.940657 1.957972
223.938265 1.957972
225.939820 1.957972
227.937639 1.957972
229.937772 1.957972
231.947053 1.957972
233.945730 1.957972
235.939837 1.957972
237.939651 1.957972
239.941548 1.957972
241.947673 1.957972
243.942786 1.957972
245.944035 1.957972
247.947342 1.957972
249.947533 1.957972
251.945976 1.957972
253.944694 1.957972
255.948890 1.957972
257.949329 1.957972
259.954457 1.957972
261.946291 1.957972
263.948700 1.957972
265.950498 1.957972
267.946888 1.957972
269.947902 1.957972
271.955043 1.957972
273.945428 1.957972
275.947005 1.957972
277.951395 1.957972
279.948261 1.957972
281.950062 1.957972
283.949442 1.957972
285.949950 1.957972
287.950384 1.957972
289.953178 1.957972
291.950161 1.957972
293.947348 1.957972
295.954044 1.957972
297.956145 1.957972
299.955770 1.957972
301.954239 1.957972
303.965242 1.957972
305.958981 1.957972
307.953685 1.957972
309.956108 1.957972
311.953956 1.957972
313.959516 1.957972
315.958514 1.957972
317.963369 1.957972
319.960067 1.957972
321.969294 1.957972
323.968205 1.957972
325.958602 1.957972
327.963360 1.957972
