0.000000 0.000000
0.250000 0.031044
0.500000 0.031044
0.750000 0.031044
1.000000 0.031044
1.250000 0.031044
1.500000 0.031044
1.750000 0.031044
2.000000 0.031044
2.250000 0.031044
2.500000 0.031044
2.750000 0.031044
3.000000 0.031044
3.250000 0.031044
3.500000 0.031044
3.750000 0.031044
4.000000 0.031044
4.250000 0.031044
4.500000 0.031044
4.750000 0.031044
5.000000 0.031044
5.250000 0.031044
5.500000 0.031044
5.750000 0.031044
6.000000 0.031044
6.250000 0.031044
6.500000 0.031044
6.750000 0.031044
7.000000 0.031044
7.250000 0.031044
7.500000 0.031044
7.750000 0.031044
8.000000 0.031044
8.250000 0.031044
8.500000 0.031044
8.750000 0.031044
9.000000 0.031044
9.250000 0.031044
9.500000 0.031044
