0.018922 0.334707
1.815620 0.309518
3.814939 0.000000
5.816712 0.225644
7.816927 0.000000
9.815808 0.000000
11.817879 0.000000
13.822361 0.085495
15.819956 1.212577
17.819083 1.243070
19.819308 1.305789
21.821349 1.093732
23.822836 1.070469
25.825195 0.987992
27.824187 0.401770
29.824433 1.192841
31.826366 0.569555
33.842968 0.195288
35.838340 0.197873
37.839072 1.092163
39.831269 0.094485
41.831749 0.000000
43.832006 0.538750
45.834061 0.852080
47.841761 0.364748
49.847896 0.222479
51.852887 0.561634
53.938748 0.975575
55.940086 1.150100
57.977254 0.592405
59.978129 0.996645
62.015447 0.423170
63.985133 0.209977
65.985206 0.206342
67.985587 0.000000
69.990092 0.586420
71.988041 0.566599
73.999553 0.416031
76.002629 0.058610
78.037530 0.000831
80.003271 0.520246
82.025980 0.593121
84.022868 0.196446
86.024897 0.533290
88.974731 0.201966
91.003773 0.000000
92.941901 0.000000
94.941556 0.402204
96.965676 0.397916
98.968196 0.425350
100.967049 0.168813
102.967373 0.277541
104.971882 0.217049
107.277139 0.255966
109.283676 0.112090
111.281033 0.332117
113.283365 0.581497
115.283727 0.165161
117.799118 0.362898
119.796269 0.047804
121.801110 0.000000
123.815466 0.407932
125.800569 0.551115
127.802591 0.583906
130.214173 0.571308
132.215355 0.363673
134.223478 0.285154
136.244929 0.868177
138.250060 0.982680
140.256063 0.772088
142.439288 0.142799
144.439496 0.000000
