0.000000 0.000000
0.250000 0.137473
0.500000 0.137473
0.750000 0.137473
1.000000 0.137473
1.250000 0.137473
1.500000 0.137473
1.750000 0.137473
2.000000 0.137473
2.250000 0.137473
2.500000 0.137473
2.750000 0.137473
3.000000 0.137473
3.250000 0.137473
3.500000 0.137473
3.750000 0.137473
4.000000 0.137473
4.250000 0.137473
4.500000 0.137473
4.750000 0.137473
5.000000 0.137473
5.250000 0.137473
5.500000 0.137473
5.750000 0.137473
6.000000 0.137473
6.250000 0.137473
6.500000 0.137473
6.750000 0.137473
7.000000 0.137473
7.250000 0.137473
7.500000 0.137473
7.750000 0.137473
8.000000 0.137473
8.250000 0.137473
8.500000 0.137473
8.750000 0.137473
9.000000 0.137473
9.250000 0.137473
9.500000 0.137473
9.750000 0.137473
10.000000 0.137473
10.250000 0.137473
10.500000 0.137473
10.750000 0.137473
11.000000 0.137473
11.250000 0.137473
11.500000 0.137473
11.750000 0.137473
12.000000 0.137473
12.250000 0.137473
