0.000000 0.000000
0.250000 0.012995
0.500000 0.012995
0.750000 0.012995
1.000000 0.012995
1.250000 0.012995
1.500000 0.012995
1.750000 0.012995
2.000000 0.012995
2.250000 0.012995
2.500000 0.012995
2.750000 0.012995
3.000000 0.012995
3.250000 0.012995
3.500000 0.012995
3.750000 0.012995
4.000000 0.012995
4.250000 0.012995
4.500000 0.012995
4.750000 0.012995
5.000000 0.012995
5.250000 0.012995
5.500000 0.012995
5.750000 0.012995
6.000000 0.012995
6.250000 0.012995
6.500000 0.012995
6.750000 0.012995
7.000000 0.012995
7.250000 0.012995
7.500000 0.012995
7.750000 0.012995
8.000000 0.012995
8.250000 0.012995
8.500000 0.012995
8.750000 0.012995
9.000000 0.012995
9.250000 0.012995
9.500000 0.012995
9.750000 0.012995
10.000000 0.012995
10.250000 0.012995
10.500000 0.012995
10.750000 0.012995
11.000000 0.012995
11.250000 0.012995
11.500000 0.012995
11.750000 0.012995
12.000000 0.012995
12.250000 0.012995
12.500000 0.012995
12.750000 0.012995
13.000000 0.012995
13.250000 0.012995
13.500000 0.012995
13.750000 0.012995
14.000000 0.012995
14.250000 0.012995
14.500000 0.012995
14.750000 0.012995
15.000000 0.012995
15.250000 0.012995
15.500000 0.012995
15.750000 0.012995
16.000000 0.012995
16.250000 0.012995
16.500000 0.012995
16.750000 0.012995
17.000000 0.012995
17.250000 0.012995
17.500000 0.012995
17.750000 0.012995
18.000000 0.012995
18.250000 0.012995
18.500000 0.012995
18.750000 0.012995
19.000000 0.012995
19.250000 0.012995
19.500000 0.012995
19.750000 0.012995
20.000000 0.012995
20.250000 0.012995
20.500000 0.012995
20.750000 0.012995
21.000000 0.012995
21.250000 0.012995
21.500000 0.012995
21.750000 0.012995
22.000000 0.012995
22.250000 0.012995
