0.000000 0.000000
0.250000 0.138082
0.500000 0.138082
0.750000 0.138082
1.000000 0.138082
1.250000 0.138082
1.500000 0.138082
1.750000 0.138082
2.000000 0.138082
2.250000 0.138082
2.500000 0.138082
2.750000 0.138082
3.000000 0.138082
3.250000 0.138082
3.500000 0.138082
3.750000 0.138082
4.000000 0.138082
4.250000 0.138082
4.500000 0.138082
4.750000 0.138082
5.000000 0.138082
5.250000 0.138082
5.500000 0.138082
5.750000 0.138082
6.000000 0.138082
6.250000 0.138082
6.500000 0.138082
6.750000 0.138082
7.000000 0.138082
7.250000 0.138082
7.500000 0.138082
7.750000 0.138082
8.000000 0.138082
8.250000 0.138082
8.500000 0.138082
8.750000 0.138082
9.000000 0.138082
9.250000 0.138082
9.500000 0.138082
9.750000 0.138082
10.000000 0.138082
10.250000 0.138082
10.500000 0.138082
10.750000 0.138082
11.000000 0.138082
11.250000 0.138082
11.500000 0.138082
11.750000 0.138082
12.000000 0.138082
12.250000 0.138082
