0.000000 0.000000
0.250000 0.126397
0.500000 0.126397
0.750000 0.126397
1.000000 0.126397
1.250000 0.126397
1.500000 0.126397
1.750000 0.126397
2.000000 0.126397
2.250000 0.126397
2.500000 0.126397
2.750000 0.126397
3.000000 0.126397
3.250000 0.126397
3.500000 0.126397
3.750000 0.126397
4.000000 0.126397
4.250000 0.126397
4.500000 0.126397
4.750000 0.126397
5.000000 0.126397
5.250000 0.126397
5.500000 0.126397
5.750000 0.126397
6.000000 0.126397
6.250000 0.126397
6.500000 0.126397
6.750000 0.126397
7.000000 0.126397
7.250000 0.126397
7.500000 0.126397
7.750000 0.126397
8.000000 0.126397
8.250000 0.126397
8.500000 0.126397
8.750000 0.126397
9.000000 0.126397
9.250000 0.126397
9.500000 0.126397
9.750000 0.126397
10.000000 0.126397
10.250000 0.126397
10.500000 0.126397
10.750000 0.126397
11.000000 0.126397
11.250000 0.126397
11.500000 0.126397
11.750000 0.126397
12.000000 0.126397
12.250000 0.126397
