0.000000 0.000000
0.250000 0.000000
0.500000 0.000000
0.750000 0.000000
1.000000 0.000000
1.250000 0.000000
1.500000 0.000000
1.750000 0.000000
2.000000 0.000000
2.250000 0.000000
2.500000 0.000000
2.750000 0.000000
3.000000 0.000000
3.250000 0.000000
3.500000 0.000000
3.750000 0.000000
4.000000 0.000000
4.250000 0.000000
4.500000 0.000000
4.750000 0.000000
5.000000 0.000000
5.250000 0.000000
5.500000 3.863977
5.750000 25.874743
6.000000 25.582932
6.250000 27.593464
6.500000 26.637673
6.750000 28.712235
7.000000 30.972484
7.250000 33.232732
7.500000 35.480174
7.750000 37.509915
8.000000 39.584477
8.250000 26.218309
8.500000 28.273663
8.750000 30.341822
9.000000 32.377966
9.250000 34.420513
9.500000 36.552702
