0.000000 0.000000
0.250000 0.012381
0.500000 0.012381
0.750000 0.012381
1.000000 0.012381
1.250000 0.012381
1.500000 0.012381
1.750000 0.012381
2.000000 0.012381
2.250000 0.012381
2.500000 0.012381
2.750000 0.012381
3.000000 0.012381
3.250000 0.012381
3.500000 0.012381
3.750000 0.012381
4.000000 0.012381
4.250000 0.012381
4.500000 0.012381
4.750000 0.012381
5.000000 0.012381
5.250000 0.012381
5.500000 0.012381
5.750000 0.012381
6.000000 0.012381
6.250000 0.012381
6.500000 0.012381
6.750000 0.012381
7.000000 0.012381
7.250000 0.012381
7.500000 0.012381
7.750000 0.012381
8.000000 0.012381
8.250000 0.012381
8.500000 0.012381
8.750000 0.012381
9.000000 0.012381
9.250000 0.012381
9.500000 0.012381
9.750000 0.012381
10.000000 0.012381
10.250000 0.012381
10.500000 0.012381
10.750000 0.012381
11.000000 0.012381
11.250000 0.012381
11.500000 0.012381
11.750000 0.012381
12.000000 0.012381
12.250000 0.012381
12.500000 0.012381
12.750000 0.012381
13.000000 0.012381
13.250000 0.012381
13.500000 0.012381
13.750000 0.012381
14.000000 0.012381
14.250000 0.012381
14.500000 0.012381
14.750000 0.012381
15.000000 0.012381
15.250000 0.012381
15.500000 0.012381
15.750000 0.012381
16.000000 0.012381
16.250000 0.012381
16.500000 0.012381
16.750000 0.012381
17.000000 0.012381
17.250000 0.012381
17.500000 0.012381
17.750000 0.012381
18.000000 0.012381
18.250000 0.012381
18.500000 0.012381
18.750000 0.012381
19.000000 0.012381
19.250000 0.012381
19.500000 0.012381
19.750000 0.012381
20.000000 0.012381
20.250000 0.012381
20.500000 0.012381
20.750000 0.012381
21.000000 0.012381
21.250000 0.012381
21.500000 0.031869
21.750000 0.031869
22.000000 0.031869
22.250000 0.031869
22.500000 0.031869
22.750000 0.031869
23.000000 0.031869
23.250000 0.031869
23.500000 0.031869
23.750000 0.031869
24.000000 0.031869
24.250000 0.031869
24.500000 0.031869
24.750000 0.031869
25.000000 0.031869
25.250000 0.031869
25.500000 0.031869
25.750000 0.031869
26.000000 0.031869
26.250000 0.031869
26.500000 0.031869
26.750000 0.031869
27.000000 0.031869
27.250000 0.031869
27.500000 0.031869
27.750000 0.031869
28.000000 0.031869
28.250000 0.031869
28.500000 0.031869
28.750000 0.031869
29.000000 0.031869
29.250000 0.031869
29.500000 0.031869
29.750000 0.031869
30.000000 0.031869
30.250000 0.031869
30.500000 0.031869
30.750000 0.031869
31.000000 0.031869
31.250000 0.031869
31.500000 0.031869
31.750000 0.031869
32.000000 0.031869
32.250000 0.031869
32.500000 0.031869
32.750000 0.031869
33.000000 0.031869
33.250000 0.031869
33.500000 0.031869
33.750000 0.031869
34.000000 0.031869
34.250000 0.031869
34.500000 0.031869
34.750000 0.031869
35.000000 0.031869
35.250000 0.031869
35.500000 0.031869
35.750000 0.031869
36.000000 0.031869
36.250000 0.031869
36.500000 0.031869
36.750000 0.031869
37.000000 0.031869
37.250000 0.031869
37.500000 0.031869
37.750000 0.031869
38.000000 0.031869
38.250000 0.031869
38.500000 0.031869
38.750000 0.031869
39.000000 0.031869
39.250000 0.031869
39.500000 0.031869
39.750000 0.031869
40.000000 0.031869
40.250000 0.031869
40.500000 0.031869
40.750000 0.031869
41.000000 0.031869
41.250000 0.031869
41.500000 0.031869
41.750000 0.031869
42.000000 0.031869
42.250000 0.031869
42.500000 0.031869
42.750000 0.031869
43.000000 0.031869
43.250000 0.031869
43.500000 0.031869
43.750000 0.031869
44.000000 0.031869
44.250000 0.031869
44.500000 0.031869
44.750000 0.031869
45.000000 0.031869
45.250000 0.031869
45.500000 0.031869
45.750000 0.031869
46.000000 0.031869
46.250000 0.031869
46.500000 0.031869
46.750000 0.031869
47.000000 0.031869
47.250000 0.031869
47.500000 0.031869
47.750000 0.031869
48.000000 0.031869
48.250000 0.031869
48.500000 0.031869
48.750000 0.031869
49.000000 0.031869
49.250000 0.031869
49.500000 0.031869
49.750000 0.031869
50.000000 0.031869
50.250000 0.031869
50.500000 0.031869
50.750000 0.031869
51.000000 0.031869
51.250000 0.031869
51.500000 0.031869
51.750000 0.031869
52.000000 0.031869
52.250000 0.031869
52.500000 0.031869
52.750000 0.031869
53.000000 0.031869
53.250000 0.031869
53.500000 0.031869
53.750000 0.031869
54.000000 0.031869
54.250000 0.031869
54.500000 0.031869
54.750000 0.031869
55.000000 0.031869
55.250000 0.031869
55.500000 0.031869
55.750000 0.031869
56.000000 0.031869
56.250000 0.031869
56.500000 0.031869
56.750000 0.031869
57.000000 0.031869
57.250000 0.031869
57.500000 0.031869
57.750000 0.031869
58.000000 0.031869
58.250000 0.031869
58.500000 0.031869
58.750000 0.031869
59.000000 0.031869
59.250000 0.031869
59.500000 0.031869
59.750000 0.031869
60.000000 0.031869
60.250000 0.031869
60.500000 0.031869
60.750000 0.031869
61.000000 0.031869
61.250000 0.031869
61.500000 0.031869
61.750000 0.031869
62.000000 0.031869
62.250000 0.031869
62.500000 0.031869
62.750000 0.031869
63.000000 0.031869
63.250000 0.031869
63.500000 0.031869
63.750000 0.031869
64.000000 0.031869
64.250000 0.031869
64.500000 0.031869
64.750000 0.031869
65.000000 0.031869
65.250000 0.031869
65.500000 0.031869
65.750000 0.031869
66.000000 0.031869
66.250000 0.031869
66.500000 0.031869
66.750000 0.031869
67.000000 0.031869
67.250000 0.031869
67.500000 0.031869
67.750000 0.031869
68.000000 0.031869
68.250000 0.031869
68.500000 0.031869
68.750000 0.031869
69.000000 0.031869
69.250000 0.031869
69.500000 0.031869
69.750000 0.031869
70.000000 0.031869
70.250000 0.031869
70.500000 0.031869
70.750000 0.031869
71.000000 0.031869
71.250000 0.031869
71.500000 0.031869
71.750000 0.031869
72.000000 0.031869
72.250000 0.031869
72.500000 0.031869
72.750000 0.031869
73.000000 0.031869
73.250000 0.031869
73.500000 0.031869
73.750000 0.031869
74.000000 0.031869
74.250000 0.031869
74.500000 0.031869
74.750000 0.031869
75.000000 0.031869
75.250000 0.031869
75.500000 0.031869
75.750000 0.031869
76.000000 0.031869
76.250000 0.031869
76.500000 0.031869
76.750000 0.031869
77.000000 0.031869
77.250000 0.031869
77.500000 0.031869
77.750000 0.031869
78.000000 0.031869
78.250000 0.031869
78.500000 0.031869
78.750000 0.031869
79.000000 0.031869
79.250000 0.031869
79.500000 0.031869
79.750000 0.031869
80.000000 0.031869
80.250000 0.031869
80.500000 0.031869
80.750000 0.031869
81.000000 0.031869
81.250000 0.031869
81.500000 0.031869
81.750000 0.031869
82.000000 0.031869
82.250000 0.031869
82.500000 0.031869
82.750000 0.031869
83.000000 0.031869
83.250000 0.031869
83.500000 0.031869
83.750000 0.031869
84.000000 0.031869
84.250000 0.031869
84.500000 0.031869
84.750000 0.031869
85.000000 0.031869
85.250000 0.031869
85.500000 0.031869
85.750000 0.031869
86.000000 0.031869
86.250000 0.031869
86.500000 0.031869
86.750000 0.031869
87.000000 0.031869
87.250000 0.031869
87.500000 0.031869
87.750000 0.031869
88.000000 0.031869
88.250000 0.031869
88.500000 0.031869
88.750000 0.031869
89.000000 0.031869
89.250000 0.031869
89.500000 0.031869
89.750000 0.031869
90.000000 0.031869
90.250000 0.031869
90.500000 0.031869
90.750000 0.031869
91.000000 0.031869
91.250000 0.031869
91.500000 0.031869
91.750000 0.031869
92.000000 0.031869
92.250000 0.031869
92.500000 0.031869
92.750000 0.031869
93.000000 0.031869
93.250000 0.031869
93.500000 0.031869
93.750000 0.031869
94.000000 0.031869
94.250000 0.031869
94.500000 0.031869
94.750000 0.031869
95.000000 0.031869
95.250000 0.031869
95.500000 0.031869
95.750000 0.031869
96.000000 0.031869
96.250000 0.031869
96.500000 0.031869
96.750000 0.031869
97.000000 0.031869
97.250000 0.031869
97.500000 0.031869
97.750000 0.031869
98.000000 0.031869
98.250000 0.031869
98.500000 0.031869
98.750000 0.031869
99.000000 0.031869
99.250000 0.031869
99.500000 0.031869
