0.000000 0.000000
0.250000 0.024248
0.500000 0.024248
0.750000 0.024248
1.000000 0.024248
1.250000 0.024248
1.500000 0.024248
1.750000 0.024248
2.000000 0.024248
2.250000 0.024248
2.500000 0.024248
2.750000 0.024248
3.000000 0.024248
3.250000 0.024248
3.500000 0.024248
3.750000 0.024248
4.000000 0.024248
4.250000 0.024248
4.500000 0.024248
4.750000 0.024248
5.000000 0.024248
5.250000 0.024248
5.500000 0.024248
5.750000 0.024248
6.000000 0.024248
6.250000 0.024248
6.500000 0.024248
6.750000 0.024248
7.000000 0.024248
7.250000 0.024248
7.500000 0.024248
7.750000 0.024248
8.000000 0.024248
8.250000 0.024248
8.500000 0.024248
8.750000 0.024248
9.000000 0.024248
9.250000 0.024248
9.500000 0.024248
9.750000 0.024248
10.000000 0.024248
10.250000 0.024248
10.500000 0.024248
10.750000 0.024248
11.000000 0.024248
11.250000 0.024248
11.500000 0.024248
11.750000 0.024248
12.000000 0.024248
12.250000 0.024248
