0.000000 0.000000
0.250000 0.134413
0.500000 0.136219
0.750000 0.137769
1.000000 0.223671
1.250000 0.282371
1.500000 0.283793
1.750000 0.285855
2.000000 0.287405
2.250000 0.289083
2.500000 0.290889
2.750000 0.292567
3.000000 0.293989
3.250000 0.295795
3.500000 0.297217
3.750000 0.299023
4.000000 0.300829
4.250000 0.302379
4.500000 0.304953
4.750000 0.305863
5.000000 0.307541
5.250000 0.309987
5.500000 0.310897
5.750000 0.313087
6.000000 0.314381
6.250000 0.316571
6.500000 0.317737
6.750000 0.319927
7.000000 0.320965
7.250000 0.322899
7.500000 0.324193
7.750000 0.325743
8.000000 0.327549
8.250000 0.329995
8.500000 0.331033
8.750000 0.333351
9.000000 0.334389
9.250000 0.336707
9.500000 0.337745
9.750000 0.340063
10.000000 0.341101
10.250000 0.343931
10.500000 0.344457
10.750000 0.346263
11.000000 0.348581
11.250000 0.349491
11.500000 0.351809
11.750000 0.352591
12.000000 0.355947
12.250000 0.356715
12.500000 0.358265
12.750000 0.359431
13.000000 0.361109
13.250000 0.362787
13.500000 0.365361
13.750000 0.366271
14.000000 0.368461
14.250000 0.369627
14.500000 0.371817
14.750000 0.372983
15.000000 0.374789
15.250000 0.376851
15.500000 0.378145
15.750000 0.379567
16.000000 0.381885
16.250000 0.383051
16.500000 0.385241
16.750000 0.386279
17.000000 0.388725
17.250000 0.389891
17.500000 0.391313
17.750000 0.393631
18.000000 0.394797
18.250000 0.397115
18.500000 0.398153
18.750000 0.399575
19.000000 0.401253
19.250000 0.403315
19.500000 0.405505
19.750000 0.406671
20.000000 0.408477
20.250000 0.410027
20.500000 0.411449
20.750000 0.413383
21.000000 0.435004
21.250000 0.438104
21.500000 0.439000
21.750000 0.439910
22.000000 0.441716
22.250000 0.443266
22.500000 0.444816
22.750000 0.446494
23.000000 0.448172
23.250000 0.449850
23.500000 0.451528
23.750000 0.453206
24.000000 0.454884
24.250000 0.456562
24.500000 0.458496
24.750000 0.460046
25.000000 0.461724
25.250000 0.463274
25.500000 0.464952
25.750000 0.496582
26.000000 0.529800
26.250000 0.538173
26.500000 0.539851
26.750000 0.541401
27.000000 0.543079
27.250000 0.586084
27.500000 0.586482
27.750000 0.588160
28.000000 0.589838
28.250000 0.591388
28.500000 0.593066
28.750000 0.594872
29.000000 0.596422
29.250000 0.598228
29.500000 0.599778
29.750000 0.601584
30.000000 0.603134
30.250000 0.604812
30.500000 0.606618
30.750000 0.608424
31.000000 0.610102
31.250000 0.611652
31.500000 0.613202
31.750000 0.614880
32.000000 0.616558
32.250000 0.618236
32.500000 0.619914
32.750000 0.621592
33.000000 0.623526
33.250000 0.625076
33.500000 0.626626
33.750000 0.628560
34.000000 0.630110
34.250000 0.631660
34.500000 0.633594
34.750000 0.636040
35.000000 0.636822
35.250000 0.638628
35.500000 0.641074
35.750000 0.643008
36.000000 0.643534
36.250000 0.645340
36.500000 0.646890
36.750000 0.648824
37.000000 0.650374
37.250000 0.652692
37.500000 0.654370
37.750000 0.655664
38.000000 0.657470
38.250000 0.658508
38.500000 0.660186
38.750000 0.661992
39.000000 0.663670
39.250000 0.683713
39.500000 0.685135
39.750000 0.686813
40.000000 0.688491
40.250000 0.690297
40.500000 0.691847
40.750000 0.693653
41.000000 0.695203
41.250000 0.697009
41.500000 0.698559
41.750000 0.700365
42.000000 0.701915
42.250000 0.703721
42.500000 0.705271
42.750000 0.707077
43.000000 0.708627
43.250000 0.710433
43.500000 0.711983
43.750000 0.713789
44.000000 0.715339
44.250000 0.717145
44.500000 0.718695
44.750000 0.720373
45.000000 0.722051
45.250000 0.723857
45.500000 0.725407
45.750000 0.727213
46.000000 0.729659
46.250000 0.730441
46.500000 0.732247
46.750000 0.733797
47.000000 0.735603
47.250000 0.737153
47.500000 0.738831
47.750000 0.740509
48.000000 0.742315
48.250000 0.743865
48.500000 0.745671
48.750000 0.747861
49.000000 0.748899
49.250000 0.750577
49.500000 0.752255
49.750000 0.754061
50.000000 0.755611
50.250000 0.757289
50.500000 0.758967
50.750000 0.760773
51.000000 0.762323
51.250000 0.764129
51.500000 0.765679
51.750000 0.767485
52.000000 0.769035
52.250000 0.770841
52.500000 0.772391
52.750000 0.774197
53.000000 0.775747
53.250000 0.777553
53.500000 0.779103
53.750000 0.780781
54.000000 0.782587
54.250000 0.784137
54.500000 0.785943
54.750000 0.787493
55.000000 0.789171
55.250000 0.790849
55.500000 0.792655
55.750000 0.794205
56.000000 0.796011
56.250000 0.797561
56.500000 0.799367
56.750000 0.800917
57.000000 0.802723
57.250000 0.804273
57.500000 0.806079
57.750000 0.807629
58.000000 0.809435
58.250000 0.810985
58.500000 0.812791
58.750000 0.814341
59.000000 0.816147
59.250000 0.817697
59.500000 0.819503
59.750000 0.821053
60.000000 0.822859
60.250000 0.824409
60.500000 0.826215
60.750000 0.827765
61.000000 0.829443
61.250000 0.831121
61.500000 0.832927
61.750000 0.834477
62.000000 0.836283
62.250000 0.837833
62.500000 0.839639
62.750000 0.841189
63.000000 0.842995
63.250000 0.844545
63.500000 0.846223
63.750000 0.848029
64.000000 0.849835
64.250000 0.851257
64.500000 0.853063
64.750000 0.854613
65.000000 0.856291
65.250000 0.857969
65.500000 0.859775
65.750000 0.861325
66.000000 0.863003
66.250000 0.864681
66.500000 0.866487
66.750000 0.868037
67.000000 0.869843
67.250000 0.871393
67.500000 0.873199
67.750000 0.874749
68.000000 0.876555
68.250000 0.878105
68.500000 0.879911
68.750000 0.881461
69.000000 0.883267
69.250000 0.884817
69.500000 0.886623
69.750000 0.888173
70.000000 0.889979
70.250000 0.891529
70.500000 0.893335
70.750000 0.894885
71.000000 0.896691
71.250000 0.898241
71.500000 0.899919
71.750000 0.901597
72.000000 0.903403
72.250000 0.904953
72.500000 0.906631
72.750000 0.908309
73.000000 0.909987
73.250000 0.911793
73.500000 0.913343
73.750000 0.915149
74.000000 0.916699
74.250000 0.918505
74.500000 0.920055
74.750000 0.921861
75.000000 0.923411
75.250000 0.925217
75.500000 0.926767
75.750000 0.928573
76.000000 0.930123
76.250000 0.931929
76.500000 0.933479
76.750000 0.935157
77.000000 0.936835
77.250000 0.938641
77.500000 0.940191
77.750000 0.941997
78.000000 0.943547
78.250000 0.945353
78.500000 0.946903
78.750000 0.948709
79.000000 0.950259
79.250000 0.952065
79.500000 0.953615
79.750000 0.955421
80.000000 0.956971
80.250000 0.958777
80.500000 0.960327
80.750000 0.962133
81.000000 0.963683
81.250000 0.965489
81.500000 0.967039
81.750000 0.968845
82.000000 0.970395
82.250000 0.972073
82.500000 0.973879
82.750000 0.975429
83.000000 0.977235
83.250000 0.978785
83.500000 0.980591
83.750000 0.982141
84.000000 0.983819
84.250000 0.985497
84.500000 0.987303
84.750000 0.988853
85.000000 0.990659
85.250000 0.992209
85.500000 0.994015
85.750000 0.995565
86.000000 0.997371
86.250000 0.998921
86.500000 1.000599
86.750000 1.002277
87.000000 1.004083
87.250000 1.005633
87.500000 1.007311
87.750000 1.009117
88.000000 1.010667
88.250000 1.012345
88.500000 1.014023
88.750000 1.015829
89.000000 1.017379
89.250000 1.019185
89.500000 1.020735
89.750000 1.022541
90.000000 1.024091
90.250000 1.025897
90.500000 1.027447
90.750000 1.029253
91.000000 1.030803
91.250000 1.032609
91.500000 1.034159
91.750000 1.035965
92.000000 1.037515
92.250000 1.039321
92.500000 1.040871
92.750000 1.042677
93.000000 1.044227
93.250000 1.046033
93.500000 1.047583
93.750000 1.049261
94.000000 1.050939
94.250000 1.052745
94.500000 1.054295
94.750000 1.056101
95.000000 1.057651
95.250000 1.059457
95.500000 1.061007
95.750000 1.062813
96.000000 1.064363
96.250000 1.066169
96.500000 1.067719
96.750000 1.069525
97.000000 1.071075
97.250000 1.072881
97.500000 1.074431
97.750000 1.076237
98.000000 1.077787
98.250000 1.079593
98.500000 1.081143
98.750000 1.082949
99.000000 1.084499
99.250000 1.086305
99.500000 1.087855
