0.000119 4.840303
6.523012 1.134263
6.730632 2.023560
16.912550 1.034840
17.198975 1.404317
17.506320 1.042458
17.870299 1.803196
18.283628 2.067468
18.633152 1.720765
19.037524 1.915342
19.413292 2.020020
19.771088 1.749787
20.079801 1.636607
20.446883 1.918866
20.861084 2.893212
21.153588 2.903923
21.499911 2.750298
21.880030 1.941291
22.278565 1.897955
22.667410 1.959984
23.042861 2.498318
23.388341 1.958157
23.758937 1.586644
24.140295 2.290570
24.673915 2.163916
25.105399 2.890283
25.482775 1.758488
25.786663 2.179873
26.210200 2.075529
26.591015 2.367253
27.052731 1.878879
27.441922 2.492264
27.758630 5.338952
28.074596 3.400205
28.594812 2.452162
29.044596 2.148588
29.473309 2.514551
31.053308 1.294252
31.398099 1.379818
31.741944 1.196004
32.117682 1.266845
32.467819 1.674230
32.760476 1.330674
33.142009 1.344829
33.482141 1.302483
33.830953 1.569080
34.150126 1.196449
35.874598 3.152395
37.171666 2.053762
38.829736 1.091001
40.917187 0.965483
41.268405 1.104953
41.612833 1.148130
41.955875 1.363606
42.307001 1.047268
42.676273 0.772625
47.952255 1.089446
48.320354 1.705895
48.675727 1.254107
49.060983 1.360546
49.934505 1.235645
50.300774 2.041656
50.579339 1.255813
52.902936 2.416487
53.408134 2.293744
53.958248 1.915714
57.395939 1.326600
57.761596 1.326588
58.115558 1.276583
58.495050 1.672105
58.886505 1.265440
59.262972 1.290878
59.629403 1.122601
60.034095 1.584748
60.437945 1.168366
60.832916 1.081632
61.233570 1.475793
61.579287 1.249620
61.963808 1.633534
62.358260 1.089722
62.871803 1.649288
63.166069 1.387997
63.529871 0.979412
65.335631 1.450835
65.767323 1.371618
66.131085 1.316025
66.356989 1.773964
66.811065 1.137750
67.215290 1.149723
68.761608 3.159450
70.003615 2.381115
