0.006963 0.308221
6.523784 0.000000
6.724411 0.000000
16.891880 0.000000
17.188762 0.000000
17.502895 0.000000
17.878320 0.000000
18.278804 0.000000
18.630346 0.000000
19.035960 0.000000
19.406623 0.000000
19.768764 0.000000
20.075766 0.000000
20.440131 0.000000
20.846965 0.000000
21.145671 0.000000
21.494974 0.000000
21.871412 0.000000
22.254402 0.000000
22.655209 0.000000
23.035236 0.000000
23.381129 0.000000
23.743321 0.000000
24.132151 0.000000
24.670214 0.000000
25.101831 0.000000
25.479207 0.000000
25.779687 0.000000
26.203953 0.000000
26.572860 0.000000
27.042052 0.000000
27.431383 0.000000
27.753013 0.000000
28.067832 0.000000
28.587198 0.080943
29.034368 0.575955
29.472968 0.056282
31.049111 0.228378
31.389837 0.302577
31.739735 0.211978
32.119359 0.217265
32.463070 0.414687
32.754954 0.373128
33.127357 0.251779
33.479792 0.246136
33.827661 0.416682
34.144408 0.045958
35.874443 0.171430
37.155089 0.001466
38.820869 0.001241
40.913955 0.007512
41.259611 0.007017
41.607719 0.006928
41.960265 0.007170
42.300951 0.007112
42.666168 0.000491
47.958775 0.007259
48.316572 0.580979
48.674667 0.221494
49.056545 0.149177
49.931857 0.347095
50.294604 0.471552
50.570931 0.088375
52.897967 0.465901
53.403857 0.258889
53.948898 0.020099
57.389251 0.287904
57.746223 0.236831
58.112135 0.303036
58.495601 0.672882
58.879459 0.250757
59.253650 0.249027
59.617565 0.173141
60.046108 0.653270
60.438218 0.203427
60.825986 0.127105
61.227698 0.366454
61.575563 0.331699
61.956727 0.597821
62.347352 0.059620
62.777522 0.673276
63.155923 0.324994
63.534030 0.004062
65.330638 0.529714
65.762324 0.280023
66.122139 0.373845
66.350050 0.491215
66.802070 0.152058
67.208439 0.086231
68.757548 0.208418
69.999632 0.001293
