0.018563 0.000000
1.816704 0.000000
3.819793 0.000000
5.818609 0.000000
7.818441 0.000000
9.818631 9.055824
11.822742 17.225543
13.822327 17.710793
15.823049 21.763121
17.826495 21.857579
19.831291 21.938571
21.825441 22.042314
23.827509 34.215223
25.825545 58.635092
27.830749 60.633887
29.829744 63.367753
31.830623 63.502451
33.836974 66.549917
35.834785 73.683179
37.834673 79.108504
39.834853 75.237257
41.838335 85.208955
43.838398 106.146175
45.837305 126.008911
48.572349 152.717580
49.852527 130.461575
51.888660 132.185690
53.944325 134.067514
55.942928 134.135184
57.978325 134.216500
59.985615 137.356051
61.983069 137.712951
63.991474 142.198302
65.988382 141.251292
67.993079 152.883389
69.995811 154.287831
71.993594 149.510433
74.029220 158.814568
76.005803 159.270041
78.008791 177.164426
80.004646 185.528321
82.027428 186.959601
84.027524 190.496218
86.027190 192.382872
89.005566 191.696265
90.948521 192.317496
92.946384 198.257607
94.946102 199.225615
96.969631 200.265332
98.969786 202.394423
100.970510 200.734574
102.970172 211.364894
105.006425 204.499518
107.281875 204.512269
109.282547 206.360389
111.631675 207.314689
113.286613 209.592714
115.293060 224.547029
117.801389 217.897279
119.796295 215.533071
121.801069 218.420564
123.819114 216.567684
125.803331 217.363235
127.811960 217.200809
130.211869 225.423694
132.211440 225.464094
134.224572 225.514662
136.255516 225.528167
138.250050 225.595615
140.251082 225.663064
142.442896 225.717084
