0.353934 0.000000
6.528122 0.186569
6.729409 0.186569
16.894526 0.186569
17.192706 0.186569
17.511586 0.186569
17.883748 0.186569
18.286242 0.186569
18.627934 0.186569
19.039913 0.186569
19.412901 0.186569
19.773026 0.186569
20.080284 0.186569
20.441001 0.186569
20.859217 0.186569
21.150339 0.186569
21.499855 0.186569
21.872517 0.186569
22.270818 0.186569
22.659259 0.186569
23.040080 0.186569
23.391541 0.186569
23.748545 0.186569
24.136475 0.186569
24.675019 0.186569
25.110329 0.186569
25.479227 0.186569
25.784818 0.186569
26.216615 0.186569
26.583126 0.186569
27.047599 12.817563
27.432448 17.630229
27.763918 15.499035
28.072085 14.144088
28.592168 14.863666
29.035070 14.163090
29.468190 14.163090
31.053625 14.163090
31.393722 14.163090
31.743473 14.163090
32.121909 14.163090
32.467955 14.163090
32.757603 14.163090
33.136951 14.163090
33.483980 14.163090
33.831455 14.163090
34.147266 14.163090
35.878958 14.163090
37.169465 14.163090
38.825213 14.163090
40.912688 14.163090
41.269561 14.163090
41.613634 14.163090
41.943690 14.163090
42.305336 14.163090
42.669101 14.163090
47.952207 14.163090
48.328010 14.163090
48.677612 14.163090
49.062180 14.163090
49.935497 14.163090
50.300520 14.163090
50.580528 14.163090
52.909709 14.163090
53.450706 14.163090
53.964816 14.163090
57.393200 14.163090
57.752780 14.163090
58.114149 14.163090
58.505735 14.163090
58.891558 14.163090
59.267557 14.163090
59.630251 14.163090
60.034637 14.163090
60.436849 14.163090
60.832508 14.163090
61.231733 14.163090
61.580848 14.163090
61.961362 14.163090
62.356125 14.163090
62.777791 14.163090
63.160181 14.163090
63.522575 14.163090
65.336084 14.163090
65.764141 14.163090
66.132782 14.163090
66.357066 14.163090
66.807258 14.163090
67.213142 14.163090
68.757705 14.163090
70.003313 14.163090
72.013388 14.163090
