0.000000 -3.188272
0.250000 -3.039829
0.500000 -3.039829
0.750000 -2.945236
1.000000 -2.840049
1.250000 -2.734862
1.500000 -2.629675
1.750000 -2.524488
2.000000 -2.419301
2.250000 -2.314114
2.500000 -2.208927
2.750000 -2.103740
3.000000 -1.998553
3.250000 -1.893366
3.500000 -1.788179
3.750000 -1.682992
4.000000 -1.577805
4.250000 -1.472618
4.500000 -1.367431
4.750000 -1.262244
5.000000 -1.157057
5.250000 -1.051870
5.500000 -0.946683
5.750000 -0.841496
6.000000 -0.736309
6.250000 -0.631122
6.500000 -0.525935
6.750000 -0.420748
7.000000 -0.315561
7.250000 -0.210374
7.500000 -0.105187
7.750000 0.000000
