0.000000 0.000000
0.250000 0.140016
0.500000 0.140016
0.750000 0.140016
1.000000 0.140016
1.250000 0.140016
1.500000 0.140016
1.750000 0.140016
2.000000 0.140016
2.250000 0.140016
2.500000 0.140016
2.750000 0.140016
3.000000 0.140016
3.250000 0.140016
3.500000 0.140016
3.750000 0.140016
4.000000 0.140016
4.250000 0.140016
4.500000 0.140016
4.750000 0.140016
5.000000 0.140016
5.250000 0.140016
5.500000 0.140016
5.750000 0.140016
6.000000 0.140016
6.250000 0.140016
7.250000 0.140016
7.500000 0.140016
7.750000 0.140016
8.000000 0.140016
8.250000 0.140016
8.500000 0.140016
8.750000 0.140016
9.000000 0.140016
9.250000 0.140016
9.500000 0.140016
9.750000 0.140016
10.000000 0.140016
10.250000 0.140016
10.500000 0.140016
10.750000 0.140016
11.000000 0.140016
11.250000 0.140016
11.500000 0.140016
11.750000 0.140016
12.000000 0.336939
12.250000 0.348666
12.500000 0.382655
12.750000 0.236530
13.000000 0.365362
13.250000 0.377090
13.500000 0.388817
13.750000 0.391263
14.000000 0.393709
14.250000 0.394991
14.500000 5.209973
14.750000 8.356709
15.000000 8.412729
15.250000 8.610420
15.500000 8.260752
15.750000 3.929772
16.000000 1.792629
16.250000 1.792629
16.500000 1.792629
16.750000 1.792629
17.000000 1.792629
17.250000 1.792629
17.500000 1.792629
17.750000 1.792629
18.000000 1.792629
18.250000 1.792629
18.500000 1.792629
18.750000 1.792629
19.000000 1.792629
19.250000 1.792629
19.500000 1.792629
19.750000 1.792629
20.000000 1.792629
20.250000 1.792629
20.500000 1.792629
20.750000 1.792629
21.000000 1.792629
21.250000 1.792629
21.500000 1.792629
21.750000 1.792629
22.000000 1.792629
22.250000 1.792629
22.500000 1.792629
22.750000 1.792629
