0.000000 0.072236
0.250000 0.000000
0.500000 0.000000
0.750000 0.103556
1.000000 0.137264
1.250000 0.006616
1.500000 0.023420
1.750000 0.086272
2.000000 0.055304
2.250000 0.054248
2.500000 0.053708
2.750000 0.074624
3.000000 0.091896
3.250000 0.109348
3.500000 0.030564
3.750000 0.023420
4.000000 0.003308
4.250000 0.010452
4.500000 0.023948
4.750000 0.013232
5.000000 0.006616
5.250000 0.087352
5.500000 0.077912
5.750000 0.515756
6.000000 0.909788
6.250000 2.967640
6.500000 1.385128
6.750000 0.017680
7.000000 0.088632
7.250000 0.000000
7.500000 0.011508
7.750000 0.000000
8.000000 0.022224
8.250000 0.022488
8.500000 0.026880
8.750000 0.874312
9.000000 3.081064
9.250000 4.896768
9.500000 0.140288
9.750000 0.006616
10.000000 0.000872
10.250000 0.000972
10.500000 0.043688
10.750000 0.000512
11.000000 0.861696
11.250000 1.637876
11.500000 1.478656
11.750000 0.000000
12.000000 0.000864
12.250000 0.010716
12.500000 0.003572
12.750000 0.003308
13.000000 0.000000
13.250000 0.009924
13.500000 0.091152
13.750000 0.048728
14.000000 0.103828
14.250000 0.062520
14.500000 0.049576
14.750000 0.272384
15.000000 3.210752
15.250000 3.974656
15.500000 0.892664
15.750000 0.683520
16.000000 0.467456
16.250000 0.000000
16.500000 0.000000
16.750000 0.000000
17.000000 0.000000
17.250000 0.000000
17.500000 0.000796
17.750000 0.000000
18.000000 0.000000
18.250000 0.000000
18.500000 0.000000
18.750000 0.000000
19.000000 0.000000
19.250000 0.000000
19.500000 0.000000
19.750000 0.000000
20.000000 0.000000
20.250000 0.024064
20.500000 0.040968
20.750000 0.179752
21.000000 0.197924
21.250000 0.025896
21.500000 0.000000
21.750000 0.038140
22.000000 0.000000
