0.000000 0.000000
0.250000 0.333890
0.500000 0.364610
0.750000 0.922621
1.000000 0.922621
1.250000 0.922621
1.500000 0.922621
1.750000 0.922621
2.000000 1.069053
2.250000 1.104360
2.500000 1.104360
2.750000 1.104360
3.000000 1.128936
3.250000 1.224974
3.500000 1.282318
3.750000 1.359573
4.000000 1.359573
4.250000 1.359573
4.500000 1.359573
4.750000 1.359573
5.000000 1.359573
5.250000 1.359573
5.500000 1.359573
5.750000 1.359573
6.000000 1.359573
6.250000 1.359573
6.500000 1.359573
6.750000 1.359573
7.000000 1.359573
7.250000 1.359573
7.500000 1.359573
7.750000 1.359573
8.000000 1.359573
8.250000 1.359573
8.500000 1.359573
8.750000 1.359573
9.000000 1.359573
9.250000 1.359573
9.500000 1.359573
9.750000 1.359573
10.000000 1.359573
10.250000 1.359573
10.500000 1.359573
10.750000 1.359573
11.000000 1.359573
11.250000 1.359573
11.500000 1.359573
11.750000 1.359573
12.000000 1.359573
12.250000 1.359573
12.500000 1.359573
12.750000 1.359573
13.000000 1.359573
13.250000 1.359573
13.500000 1.359573
13.750000 1.359573
14.000000 1.359573
14.250000 1.359573
14.500000 1.359573
14.750000 1.359573
15.000000 1.359573
15.250000 1.359573
15.500000 1.359573
15.750000 1.359573
16.000000 1.359573
16.250000 1.359573
16.500000 1.359573
16.750000 1.359573
17.000000 1.359573
17.250000 1.359573
17.500000 1.359573
17.750000 1.359573
18.000000 1.359573
18.250000 1.359573
18.500000 1.359573
18.750000 1.359573
19.000000 1.359573
19.250000 1.513173
19.500000 1.513173
19.750000 1.513173
20.000000 1.513173
20.250000 1.513173
20.500000 1.513173
20.750000 1.513173
21.000000 1.513173
21.250000 1.523413
21.500000 1.580757
21.750000 1.612501
22.000000 1.744597
22.250000 1.868270
22.500000 2.199471
22.750000 2.292913
23.000000 2.292913
23.250000 2.292913
23.500000 2.292913
23.750000 2.292913
24.000000 2.292913
24.250000 2.292913
24.500000 2.292913
24.750000 2.292913
25.000000 2.292913
25.250000 2.292913
25.500000 2.292913
25.750000 2.292913
26.000000 2.292913
26.250000 2.292913
26.500000 2.292913
26.750000 2.292913
27.000000 2.292913
27.250000 2.292913
27.500000 2.292913
27.750000 2.292913
28.000000 2.292913
28.250000 2.292913
28.500000 2.292913
28.750000 2.292913
29.000000 2.292913
29.250000 2.292913
29.500000 2.292913
29.750000 2.292913
30.000000 2.292913
30.250000 2.292913
30.500000 2.330801
30.750000 2.398385
31.000000 2.414313
31.250000 2.414313
31.500000 2.414313
31.750000 2.414313
32.000000 2.414313
32.250000 2.414313
32.500000 2.414313
32.750000 2.414313
33.000000 2.414313
33.250000 2.414313
33.500000 2.414313
33.750000 2.414313
34.000000 2.414313
