0.000000 0.000000
0.250000 0.132504
0.500000 0.132504
0.750000 0.132504
1.000000 0.132504
1.250000 0.132504
1.500000 0.132504
1.750000 0.132504
2.000000 0.132504
2.250000 0.132504
2.500000 0.132504
2.750000 0.132504
3.000000 0.132504
3.250000 0.132504
3.500000 0.132504
3.750000 0.132504
4.000000 0.132504
4.250000 0.132504
4.500000 0.132504
4.750000 0.132504
5.000000 0.132504
5.250000 0.132504
5.500000 0.132504
5.750000 0.132504
6.000000 0.132504
6.250000 0.132504
6.500000 0.132504
6.750000 0.132504
7.000000 0.132504
7.250000 0.132504
7.500000 0.132504
7.750000 0.132504
8.000000 0.132504
8.250000 0.132504
8.500000 0.132504
8.750000 0.132504
9.000000 0.132504
9.250000 0.132504
9.500000 0.132504
9.750000 0.132504
10.000000 0.132504
10.250000 0.132504
10.500000 0.132504
10.750000 0.132504
11.000000 0.132504
11.250000 0.132504
11.500000 0.132504
11.750000 0.132504
12.000000 0.132504
12.250000 0.132504
12.500000 0.132504
12.750000 0.132504
13.000000 0.132504
13.250000 0.132504
13.500000 0.132504
13.750000 0.132504
14.000000 0.132504
14.250000 0.132504
14.500000 0.132504
14.750000 0.132504
15.000000 0.132504
15.250000 0.132504
15.500000 0.132504
15.750000 0.132504
16.000000 0.132504
16.250000 0.132504
16.500000 0.132504
16.750000 0.132504
17.000000 0.132504
17.250000 0.132504
17.500000 0.132504
17.750000 0.132504
18.000000 0.132504
18.250000 0.132504
18.500000 0.132504
18.750000 0.132504
19.000000 0.132504
19.250000 0.132504
19.500000 0.132504
19.750000 0.132504
20.000000 0.132504
20.250000 0.132504
20.500000 0.132504
20.750000 0.132504
21.000000 0.132504
21.250000 0.132504
21.500000 0.132504
21.750000 0.132504
22.000000 0.132504
22.250000 0.132504
22.500000 0.132504
22.750000 0.132504
23.000000 0.132504
23.250000 0.132504
23.500000 0.132504
23.750000 0.132504
24.000000 0.132504
24.250000 0.132504
24.500000 0.132504
24.750000 0.132504
25.000000 0.132504
25.250000 0.132504
25.500000 0.132504
25.750000 0.132504
26.000000 0.132504
26.250000 1.942445
26.500000 0.682579
26.750000 3.322799
27.000000 6.982614
27.250000 5.931039
27.500000 1.946819
27.750000 8.070343
28.000000 5.082216
28.250000 4.011598
28.500000 0.800265
28.750000 0.800265
29.000000 0.800265
29.250000 0.800265
29.500000 0.800265
29.750000 0.800265
30.000000 0.800265
30.250000 0.800265
30.500000 0.800265
30.750000 0.800265
31.000000 0.800265
31.250000 0.800265
31.500000 0.800265
31.750000 0.800265
32.000000 0.800265
32.250000 0.800265
32.500000 0.800265
32.750000 0.800265
33.000000 0.800265
33.250000 0.800265
33.500000 0.800265
33.750000 0.800265
34.000000 0.800265
