0.000000 0.274872
0.250000 0.146912
0.500000 0.966556
0.750000 1.043888
1.000000 1.041328
1.250000 1.047472
1.500000 1.039280
1.750000 1.045424
2.000000 1.043888
2.250000 1.042864
2.500000 1.118128
2.750000 0.969136
3.000000 1.048496
3.250000 1.037744
3.500000 1.051848
3.750000 1.043376
4.000000 1.043888
4.250000 1.042352
4.500000 1.042864
4.750000 1.044400
5.000000 1.043376
5.250000 1.100560
5.500000 1.047488
5.750000 1.145076
6.000000 1.116772
6.250000 1.108812
6.500000 1.110860
6.750000 1.105228
7.000000 1.117796
7.250000 1.105740
7.500000 1.109324
7.750000 1.141724
8.000000 1.137020
8.250000 1.118968
8.500000 1.142600
8.750000 1.186912
9.000000 0.990536
9.250000 1.103176
9.500000 1.110856
9.750000 1.099080
10.000000 1.102152
10.250000 1.122120
10.500000 1.301832
10.750000 0.891208
11.000000 1.102664
11.250000 1.104712
11.500000 1.108808
11.750000 1.221960
12.000000 0.980296
12.250000 1.104200
12.500000 1.105224
12.750000 1.105736
13.000000 1.491340
13.250000 0.717060
13.500000 1.104712
13.750000 1.104712
14.000000 1.103176
14.250000 1.104712
14.500000 1.112160
14.750000 1.103688
15.000000 1.087172
15.250000 1.246352
15.500000 0.897168
15.750000 1.396668
16.000000 0.748388
16.250000 1.070224
16.500000 1.072784
16.750000 1.073296
17.000000 1.069200
17.250000 1.069712
17.500000 1.072784
17.750000 1.070224
18.000000 1.071760
18.250000 1.071760
18.500000 1.071760
18.750000 1.071760
19.000000 1.072784
19.250000 1.080464
19.500000 1.063568
19.750000 1.070224
20.000000 1.072272
20.250000 1.132016
20.500000 1.099512
20.750000 1.127656
21.000000 1.145024
21.250000 1.138600
21.500000 1.125388
21.750000 1.112476
22.000000 1.113332
