0.000000 0.297952
0.250000 0.016876
0.500000 0.836120
0.750000 0.016876
1.000000 0.016876
1.250000 0.016876
1.500000 0.016876
1.750000 0.016876
2.000000 0.016876
2.250000 0.016876
2.500000 0.032504
2.750000 0.387068
3.000000 0.283068
3.250000 0.187252
3.500000 0.094284
3.750000 0.062332
4.000000 0.062332
4.250000 0.062068
4.500000 0.062332
4.750000 0.062068
5.000000 0.062068
5.250000 0.130292
5.500000 0.103172
5.750000 0.087812
6.000000 0.332228
6.250000 0.260648
6.500000 0.035936
6.750000 0.019948
7.000000 0.050612
7.250000 0.174348
7.500000 0.055976
7.750000 0.113124
8.000000 0.055976
8.250000 0.082468
8.500000 0.056240
8.750000 0.104664
9.000000 0.016876
9.250000 0.016876
9.500000 0.016876
9.750000 0.016876
10.000000 0.016876
10.250000 0.016876
10.500000 0.016876
10.750000 0.016876
11.000000 0.016876
11.250000 0.016876
11.500000 0.016876
11.750000 0.016876
12.000000 0.016876
12.250000 0.016876
12.500000 0.016876
12.750000 0.016876
13.000000 0.016876
13.250000 0.016876
13.500000 0.330556
13.750000 0.333232
14.000000 0.035992
14.250000 0.016876
14.500000 0.221268
14.750000 0.029676
15.000000 0.121216
15.250000 0.062068
15.500000 0.062068
15.750000 0.062332
16.000000 0.062068
16.250000 0.062068
16.500000 0.062068
16.750000 0.062068
17.000000 0.062068
17.250000 0.062068
17.500000 0.062068
17.750000 0.062068
18.000000 0.062068
18.250000 0.062332
18.500000 0.062068
18.750000 0.062596
19.000000 0.062068
19.250000 0.062068
19.500000 0.062068
19.750000 0.062068
20.000000 0.062068
20.250000 0.169560
20.500000 0.110532
20.750000 0.084888
21.000000 0.409384
21.250000 0.016876
21.500000 0.043368
21.750000 0.069560
22.000000 0.024444
