0.000000 0.000000
0.250000 0.126193
0.500000 0.126193
0.750000 0.126193
1.000000 0.126193
1.250000 0.126193
1.500000 0.126193
1.750000 0.126193
2.000000 0.126193
2.250000 0.126193
2.500000 0.126193
2.750000 0.126193
3.000000 0.126193
3.250000 0.126193
3.500000 0.126193
3.750000 0.126193
4.000000 0.126193
4.250000 0.126193
4.500000 0.126193
4.750000 0.126193
5.000000 0.126193
5.250000 0.126193
5.500000 0.126193
5.750000 0.126193
6.000000 0.126193
6.250000 0.126193
6.500000 0.126193
6.750000 0.126193
7.000000 0.126193
7.250000 0.126193
7.500000 0.126193
7.750000 0.126193
8.000000 0.126193
8.250000 0.126193
8.500000 0.126193
8.750000 0.126193
9.000000 0.126193
9.250000 0.126193
9.500000 0.126193
9.750000 0.126193
10.000000 0.126193
10.250000 0.126193
10.500000 0.126193
10.750000 0.126193
11.000000 0.126193
11.250000 0.126193
11.500000 0.126193
11.750000 0.126193
12.000000 0.126193
12.250000 0.126193
