0.004297 0.568047
6.523377 0.035938
6.732784 0.026201
16.896043 0.027282
17.197655 0.024342
17.508000 0.020706
17.872834 0.018365
18.284184 0.021851
18.629895 0.018804
19.031624 0.019903
19.411179 0.021007
19.770780 0.024682
20.076840 0.020328
20.448466 0.018817
20.849923 0.024831
21.154145 0.021883
21.499354 0.020095
21.875288 0.019025
22.272367 0.019652
22.656775 0.019739
23.039477 0.021747
23.386845 0.019756
23.769217 0.019990
24.147121 0.014273
24.676376 0.017492
25.108235 0.020541
25.475996 0.023577
25.796410 0.018197
26.211555 0.020539
26.579366 0.016142
27.047343 0.019542
27.433914 0.022269
27.773138 0.025659
28.067549 0.014292
28.596120 0.230695
29.036882 0.467718
29.474257 0.082673
31.056269 0.335812
31.397728 0.326127
31.749191 0.306568
32.123078 0.334911
32.465323 0.323515
32.764451 0.355252
33.137344 0.333483
33.481054 0.330456
33.827913 0.355245
34.150568 0.088064
35.876686 0.135885
37.171672 0.014233
38.828262 0.012648
40.915750 0.028937
41.269506 0.029425
41.615891 0.030114
41.954345 0.028734
42.309057 0.027717
42.676790 0.007448
47.955231 0.027866
48.322991 0.837168
48.676385 0.375188
49.061747 0.174442
49.936277 0.376315
50.299764 0.472808
50.579009 0.066523
52.910076 0.446146
53.411456 0.259157
53.955220 0.043732
57.454494 0.435306
57.758080 0.356196
58.116817 0.389601
58.503414 0.358559
58.885042 0.373989
59.250925 0.361158
59.629806 0.336559
60.036379 0.334966
60.444886 0.352142
60.833468 0.343079
61.232315 0.390322
61.582887 0.359535
61.963479 0.345651
62.359358 0.320125
62.786804 0.363310
63.163441 0.375887
63.527476 0.089857
65.339645 0.349976
65.766815 0.407787
66.133356 0.294909
66.360451 0.522166
66.804695 0.362331
67.217221 0.070624
68.762651 0.158980
70.009430 0.011731
