0.000000 0.000000
0.250000 0.017401
0.500000 0.017401
0.750000 0.017401
1.000000 0.033928
1.250000 0.050455
1.500000 0.050455
1.750000 0.050455
2.000000 0.050455
2.250000 0.050455
2.500000 0.050455
2.750000 0.050455
3.000000 0.050455
3.250000 0.050455
3.500000 0.050455
3.750000 0.050455
4.000000 0.050455
4.250000 0.050455
4.500000 0.050455
4.750000 0.050455
5.000000 0.050455
5.250000 0.050455
5.500000 0.050455
5.750000 0.050455
6.000000 0.050455
6.250000 0.050455
6.500000 0.050455
6.750000 0.050455
7.000000 0.050455
7.250000 0.050455
7.500000 0.050455
7.750000 0.050455
8.000000 0.050455
8.250000 0.050455
8.500000 0.050455
8.750000 0.050455
9.000000 0.050455
9.250000 0.050455
9.500000 0.050455
9.750000 0.050455
10.000000 0.050455
10.250000 0.050455
10.500000 0.050455
10.750000 0.050455
11.000000 0.050455
11.250000 0.050455
11.500000 0.050455
11.750000 0.050455
12.000000 0.050455
12.250000 0.050455
12.500000 0.050455
12.750000 0.050455
13.000000 0.050455
13.250000 0.050455
13.500000 0.050455
13.750000 0.050455
14.000000 0.050455
14.250000 0.050455
14.500000 0.050455
14.750000 0.050455
15.000000 0.050455
15.250000 0.050455
15.500000 0.050455
15.750000 0.050455
16.000000 0.050455
16.250000 0.050455
16.500000 0.050455
16.750000 0.050455
17.000000 0.050455
17.250000 0.050455
17.500000 0.050455
17.750000 0.050455
18.000000 0.050455
18.250000 0.050455
18.500000 0.050455
18.750000 0.050455
19.000000 0.050455
19.250000 0.050455
19.500000 0.050455
19.750000 0.050455
20.000000 0.050455
20.250000 0.050455
20.500000 0.050455
20.750000 0.050455
21.000000 0.050455
21.250000 0.050455
21.500000 0.050455
21.750000 0.050455
22.000000 0.050455
22.250000 0.050455
22.500000 0.050455
22.750000 0.050455
23.000000 0.050455
23.250000 0.050455
23.500000 0.050455
23.750000 0.050455
24.000000 0.050455
24.250000 0.050455
24.500000 0.050455
24.750000 0.050455
25.000000 0.050455
25.250000 0.050455
25.500000 0.050455
25.750000 0.050455
26.000000 0.050455
26.250000 0.050455
26.500000 0.050455
26.750000 0.050455
27.000000 0.050455
27.250000 0.050455
27.500000 0.050455
27.750000 0.050455
28.000000 0.050455
28.250000 0.050455
28.500000 0.050455
28.750000 0.050455
29.000000 0.050455
29.250000 0.050455
29.500000 0.050455
29.750000 0.050455
30.000000 0.050455
30.250000 0.050455
30.500000 0.050455
30.750000 0.050455
31.000000 0.050455
31.250000 0.050455
31.500000 0.050455
31.750000 0.050455
32.000000 0.050455
32.250000 0.050455
32.500000 0.050455
32.750000 0.050455
33.000000 0.050455
33.250000 0.050455
33.500000 0.050455
33.750000 0.050455
34.000000 0.050455
34.250000 0.050455
34.500000 0.050455
34.750000 0.050455
35.000000 0.050455
35.250000 0.050455
35.500000 0.050455
35.750000 0.050455
36.000000 0.050455
36.250000 0.050455
36.500000 0.050455
36.750000 0.050455
37.000000 0.050455
37.250000 0.050455
37.500000 0.050455
37.750000 0.050455
38.000000 0.050455
38.250000 0.050455
38.500000 0.050455
38.750000 0.050455
39.000000 0.050455
39.250000 0.050455
39.500000 0.050455
39.750000 0.050455
40.000000 0.050455
40.250000 0.050455
40.500000 0.050455
40.750000 0.050455
41.000000 0.050455
41.250000 0.050455
41.500000 0.050455
41.750000 0.050455
42.000000 0.050455
42.250000 0.050455
42.500000 0.050455
42.750000 0.050455
43.000000 0.050455
43.250000 0.050455
43.500000 0.050455
43.750000 0.050455
44.000000 0.050455
44.250000 0.050455
44.500000 0.050455
44.750000 0.050455
45.000000 0.050455
45.250000 0.050455
45.500000 0.050455
45.750000 0.050455
46.000000 0.050455
46.250000 0.050455
46.500000 0.050455
46.750000 0.050455
47.000000 0.050455
47.250000 0.050455
47.500000 0.050455
47.750000 0.050455
48.000000 0.050455
48.250000 0.050455
48.500000 0.050455
48.750000 0.050455
49.000000 0.050455
49.250000 0.050455
49.500000 0.050455
49.750000 0.050455
50.000000 0.050455
50.250000 0.050455
50.500000 0.050455
50.750000 0.050455
51.000000 0.050455
51.250000 0.050455
51.500000 0.050455
51.750000 0.050455
52.000000 0.050455
52.250000 0.050455
52.500000 0.050455
52.750000 0.050455
53.000000 0.050455
53.250000 0.050455
53.500000 0.050455
53.750000 0.050455
54.000000 0.050455
54.250000 0.050455
54.500000 0.050455
54.750000 0.050455
55.000000 0.050455
55.250000 0.050455
55.500000 0.050455
55.750000 0.050455
56.000000 0.050455
56.250000 0.050455
56.500000 0.050455
56.750000 0.050455
57.000000 0.050455
57.250000 0.050455
57.500000 0.050455
57.750000 0.050455
58.000000 0.050455
58.250000 0.050455
58.500000 0.050455
58.750000 0.050455
59.000000 0.050455
59.250000 0.050455
59.500000 0.050455
59.750000 0.050455
60.000000 0.050455
60.250000 0.050455
60.500000 0.050455
60.750000 0.050455
61.000000 0.050455
61.250000 0.050455
61.500000 0.050455
61.750000 0.050455
62.000000 0.050455
62.250000 0.050455
62.500000 0.050455
62.750000 0.050455
63.000000 0.050455
63.250000 0.050455
63.500000 0.050455
63.750000 0.050455
64.000000 0.050455
64.250000 0.050455
64.500000 0.050455
64.750000 0.050455
65.000000 0.050455
65.250000 0.050455
65.500000 0.050455
65.750000 0.050455
66.000000 0.050455
66.250000 0.050455
66.500000 0.050455
66.750000 0.050455
67.000000 0.050455
67.250000 0.050455
67.500000 0.050455
67.750000 0.050455
68.000000 0.050455
68.250000 0.050455
68.500000 0.050455
68.750000 0.050455
69.000000 0.050455
69.250000 0.050455
69.500000 0.050455
69.750000 0.050455
70.000000 0.050455
70.250000 0.050455
70.500000 0.050455
70.750000 0.050455
71.000000 0.050455
71.250000 0.050455
71.500000 0.050455
71.750000 0.050455
72.000000 0.050455
72.250000 0.050455
72.500000 0.050455
72.750000 0.050455
73.000000 0.050455
73.250000 0.050455
73.500000 0.050455
73.750000 0.050455
74.000000 0.050455
74.250000 0.050455
74.500000 0.050455
74.750000 0.050455
75.000000 0.050455
75.250000 0.050455
75.500000 0.050455
75.750000 0.050455
76.000000 0.050455
76.250000 0.050455
76.500000 0.050455
76.750000 0.050455
77.000000 0.050455
77.250000 0.050455
77.500000 0.050455
77.750000 0.050455
78.000000 0.050455
78.250000 0.050455
78.500000 0.050455
78.750000 0.050455
79.000000 0.050455
79.250000 0.050455
79.500000 0.050455
79.750000 0.050455
80.000000 0.050455
80.250000 0.050455
80.500000 0.050455
80.750000 0.050455
81.000000 0.050455
81.250000 0.050455
81.500000 0.050455
81.750000 0.050455
82.000000 0.050455
82.250000 0.050455
82.500000 0.050455
82.750000 0.050455
83.000000 0.050455
83.250000 0.050455
83.500000 0.050455
83.750000 0.050455
84.000000 0.050455
84.250000 0.050455
84.500000 0.050455
84.750000 0.050455
85.000000 0.050455
85.250000 0.050455
85.500000 0.050455
85.750000 0.050455
86.000000 0.050455
86.250000 0.050455
86.500000 0.050455
86.750000 0.050455
87.000000 0.050455
87.250000 0.050455
87.500000 0.050455
87.750000 0.050455
88.000000 0.050455
88.250000 0.050455
88.500000 0.050455
88.750000 0.050455
89.000000 0.050455
89.250000 0.050455
89.500000 0.050455
89.750000 0.050455
90.000000 0.050455
90.250000 0.050455
90.500000 0.050455
90.750000 0.050455
91.000000 0.050455
91.250000 0.050455
91.500000 0.050455
91.750000 0.050455
92.000000 0.050455
92.250000 0.050455
92.500000 0.050455
92.750000 0.050455
93.000000 0.050455
93.250000 0.050455
93.500000 0.050455
93.750000 0.050455
94.000000 0.050455
94.250000 0.050455
94.500000 0.050455
94.750000 0.050455
95.000000 0.050455
95.250000 0.050455
95.500000 0.050455
95.750000 0.050455
96.000000 0.050455
96.250000 0.050455
96.500000 0.050455
96.750000 0.050455
97.000000 0.050455
97.250000 0.050455
97.500000 0.050455
97.750000 0.050455
98.000000 0.050455
98.250000 0.050455
98.500000 0.050455
98.750000 0.050455
99.000000 0.050455
99.250000 0.050455
99.500000 0.050455
