0.000000 0.000000
0.250000 0.046496
0.500000 0.046496
0.750000 0.046496
1.000000 0.046496
1.250000 0.046496
1.500000 0.046496
1.750000 0.046496
2.000000 0.046496
2.250000 0.046496
2.500000 0.046496
2.750000 0.046496
3.000000 0.046496
3.250000 0.046496
3.500000 0.046496
3.750000 0.046496
4.000000 0.046496
4.250000 0.046496
4.500000 0.046496
4.750000 0.046496
5.000000 0.046496
5.250000 0.046496
5.500000 0.046496
5.750000 0.046496
6.000000 0.046496
6.250000 0.046496
6.500000 0.046496
6.750000 0.046496
7.000000 0.046496
7.250000 0.046496
7.500000 0.046496
7.750000 0.046496
8.000000 0.046496
8.250000 0.046496
8.500000 0.046496
8.750000 0.046496
9.000000 0.046496
9.250000 0.046496
9.500000 0.046496
9.750000 0.046496
10.000000 0.046496
10.250000 0.046496
10.500000 0.046496
10.750000 0.046496
11.000000 0.046496
11.250000 0.046496
11.500000 0.046496
11.750000 0.046496
12.000000 0.046496
12.250000 0.046496
12.500000 0.046496
12.750000 0.046496
13.000000 0.046496
13.250000 0.046496
13.500000 0.046496
13.750000 0.046496
14.000000 0.046496
14.250000 0.046496
14.500000 0.046496
14.750000 0.046496
15.000000 0.046496
15.250000 0.046496
15.500000 0.046496
15.750000 0.046496
16.000000 0.046496
16.250000 0.046496
16.500000 0.046496
16.750000 0.046496
17.000000 0.046496
17.250000 0.046496
17.500000 0.046496
17.750000 0.046496
18.000000 0.046496
18.250000 0.046496
18.500000 0.046496
18.750000 0.046496
19.000000 0.046496
19.250000 0.046496
19.500000 0.046496
19.750000 0.046496
20.000000 0.046496
20.250000 0.046496
20.500000 0.046496
20.750000 0.046496
21.000000 0.046496
21.250000 0.046496
21.500000 0.046496
21.750000 0.046496
22.000000 0.046496
22.250000 0.046496
