0.059151 0.090791
1.826053 0.239371
3.828886 1.700329
5.829881 1.813312
7.826156 1.332960
9.824588 0.329357
11.817790 0.000000
13.831927 0.000000
15.818776 0.000000
17.819003 0.000000
19.834801 0.000000
21.832288 0.232380
23.836925 0.118673
25.829503 0.435186
27.837611 0.191795
29.840103 0.000000
31.841502 0.027579
33.851619 0.310753
35.830674 0.000000
37.842809 0.000000
39.839580 0.000000
41.846393 0.000000
43.849136 0.000000
45.846209 0.000000
47.848237 0.212916
49.860910 0.271778
51.863217 0.000000
53.938520 0.000000
55.955453 0.000000
57.969057 0.000000
59.978007 0.000000
61.993918 0.118534
64.005995 0.224475
65.993270 0.000000
67.987554 0.000000
69.990258 0.000000
72.003433 0.046259
74.010272 0.655891
75.997779 0.207844
78.024440 0.137265
80.018603 0.025155
82.022350 0.589308
84.069237 0.036155
86.048987 0.000000
88.905683 0.000000
90.989521 0.000000
92.956283 0.000000
94.956815 0.000000
96.986106 0.000000
98.978671 0.000000
100.966476 0.000000
102.976901 0.026269
105.241235 0.253938
107.342484 0.215826
109.280270 0.000000
111.279444 0.000000
113.294521 0.000000
115.306701 0.000000
117.806426 0.000000
119.809107 0.000000
121.815684 0.068710
123.805224 0.274588
125.799263 0.000000
127.805145 0.101933
130.242195 0.063768
132.242228 0.000000
138.269400 0.000000
140.262590 0.000000
142.448853 0.000000
