0.000000 0.000000
0.250000 0.011549
0.500000 0.011549
0.750000 0.011549
1.000000 0.011549
1.250000 0.011549
1.500000 0.011549
1.750000 0.011549
2.000000 0.011549
2.250000 0.011549
2.500000 0.011549
2.750000 0.011549
3.000000 0.011549
3.250000 0.011549
3.500000 0.011549
3.750000 0.011549
4.000000 0.011549
4.250000 0.011549
4.500000 0.011549
4.750000 0.011549
5.000000 0.011549
5.250000 0.011549
5.500000 0.011549
5.750000 0.011549
6.000000 0.011549
6.250000 0.011549
6.500000 0.011549
6.750000 0.011549
7.000000 0.011549
7.250000 0.011549
7.500000 0.011549
7.750000 0.011549
8.000000 0.011549
8.250000 0.011549
8.500000 0.011549
8.750000 0.011549
9.000000 0.011549
9.250000 0.011549
9.500000 0.011549
9.750000 0.011549
10.000000 0.011549
10.250000 0.011549
10.500000 0.011549
10.750000 0.011549
11.000000 0.011549
11.250000 0.011549
11.500000 0.011549
11.750000 0.011549
12.000000 0.011549
12.250000 0.011549
12.500000 0.011549
12.750000 0.011549
13.000000 0.011549
13.250000 0.011549
13.500000 0.011549
13.750000 0.011549
14.000000 0.011549
14.250000 0.011549
14.500000 0.011549
14.750000 0.011549
15.000000 0.011549
15.250000 0.011549
15.500000 0.011549
15.750000 0.011549
16.000000 0.011549
16.250000 0.011549
16.500000 0.011549
16.750000 0.011549
17.000000 0.011549
17.250000 0.011549
17.500000 0.011549
17.750000 0.011549
18.000000 0.011549
18.250000 0.011549
18.500000 0.011549
18.750000 0.011549
19.000000 0.011549
19.250000 0.011549
19.500000 0.011549
19.750000 0.011549
20.000000 0.011549
20.250000 0.011549
20.500000 0.011549
20.750000 0.011549
21.000000 0.011549
21.250000 0.011549
21.500000 0.011549
21.750000 0.011549
22.000000 0.011549
22.250000 0.011549
22.500000 0.011549
22.750000 0.011549
23.000000 0.011549
23.250000 0.011549
23.500000 0.011549
23.750000 0.011549
24.000000 0.011549
24.250000 0.011549
24.500000 0.011549
24.750000 0.011549
25.000000 0.011549
25.250000 0.011549
25.500000 0.011549
25.750000 0.011549
26.000000 0.011549
26.250000 0.011549
26.500000 0.011549
26.750000 0.011549
27.000000 0.011549
27.250000 0.011549
27.500000 0.011549
27.750000 0.011549
28.000000 0.011549
28.250000 0.011549
28.500000 0.011549
28.750000 0.011549
29.000000 0.011549
29.250000 0.011549
29.500000 0.011549
29.750000 0.011549
30.000000 0.011549
30.250000 0.011549
30.500000 0.011549
30.750000 0.011549
31.000000 0.011549
31.250000 0.011549
31.500000 0.011549
31.750000 0.011549
32.000000 0.011549
32.250000 0.011549
32.500000 0.011549
32.750000 0.011549
33.000000 0.011549
33.250000 0.011549
33.500000 0.011549
33.750000 0.011549
34.000000 0.011549
34.250000 0.011549
34.500000 0.011549
34.750000 0.011549
35.000000 0.011549
35.250000 0.011549
35.500000 0.011549
35.750000 0.011549
36.000000 0.011549
36.250000 0.011549
36.500000 0.011549
36.750000 0.011549
37.000000 0.011549
37.250000 0.011549
37.500000 0.011549
37.750000 0.011549
38.000000 0.011549
38.250000 0.011549
38.500000 0.011549
38.750000 0.011549
39.000000 0.011549
39.250000 0.011549
39.500000 0.011549
39.750000 0.011549
40.000000 0.011549
40.250000 0.011549
40.500000 0.011549
40.750000 0.011549
41.000000 0.011549
41.250000 0.011549
41.500000 0.011549
41.750000 0.011549
42.000000 0.011549
42.250000 0.011549
42.500000 0.011549
42.750000 0.011549
43.000000 0.011549
43.250000 0.011549
43.500000 0.011549
43.750000 0.011549
44.000000 0.011549
44.250000 0.011549
44.500000 0.011549
44.750000 0.011549
45.000000 0.011549
45.250000 0.011549
45.500000 0.011549
45.750000 0.011549
46.000000 0.011549
46.250000 0.011549
46.500000 0.011549
46.750000 0.011549
47.000000 0.011549
47.250000 0.011549
47.500000 0.011549
47.750000 0.011549
48.000000 0.011549
48.250000 0.011549
48.500000 0.011549
48.750000 0.011549
49.000000 0.011549
49.250000 0.011549
49.500000 0.011549
49.750000 0.011549
50.000000 0.011549
50.250000 0.011549
50.500000 0.011549
50.750000 0.011549
51.000000 0.011549
51.250000 0.011549
51.500000 0.011549
51.750000 0.011549
52.000000 0.011549
52.250000 0.011549
52.500000 0.011549
52.750000 0.011549
53.000000 0.011549
53.250000 0.011549
53.500000 0.011549
53.750000 0.011549
54.000000 0.011549
54.250000 0.011549
54.500000 0.011549
54.750000 0.011549
55.000000 0.011549
55.250000 0.011549
55.500000 0.011549
55.750000 0.011549
56.000000 0.011549
56.250000 0.011549
56.500000 0.011549
56.750000 0.011549
57.000000 0.011549
57.250000 0.011549
57.500000 0.011549
57.750000 0.011549
58.000000 0.011549
58.250000 0.011549
58.500000 0.011549
58.750000 0.011549
59.000000 0.011549
59.250000 0.011549
59.500000 0.011549
59.750000 0.011549
60.000000 0.011549
60.250000 0.011549
60.500000 0.011549
60.750000 0.011549
61.000000 0.011549
61.250000 0.011549
61.500000 0.011549
61.750000 0.011549
62.000000 0.011549
62.250000 0.011549
62.500000 0.011549
62.750000 0.011549
63.000000 0.011549
63.250000 0.011549
63.500000 0.011549
63.750000 0.011549
64.000000 0.011549
64.250000 0.011549
64.500000 0.011549
64.750000 0.011549
65.000000 0.011549
65.250000 0.011549
65.500000 0.011549
65.750000 0.011549
66.000000 0.011549
66.250000 0.011549
66.500000 0.011549
66.750000 0.011549
67.000000 0.011549
67.250000 0.011549
67.500000 0.011549
67.750000 0.011549
68.000000 0.011549
68.250000 0.011549
68.500000 0.011549
68.750000 0.011549
69.000000 0.011549
69.250000 0.011549
69.500000 0.011549
69.750000 0.011549
70.000000 0.011549
70.250000 0.011549
70.500000 0.011549
70.750000 0.011549
71.000000 0.011549
71.250000 0.011549
71.500000 0.011549
71.750000 0.011549
72.000000 0.011549
72.250000 0.011549
72.500000 0.011549
72.750000 0.011549
73.000000 0.011549
73.250000 0.011549
73.500000 0.011549
73.750000 0.011549
74.000000 0.011549
74.250000 0.011549
74.500000 0.011549
74.750000 0.011549
75.000000 0.011549
75.250000 0.011549
75.500000 0.011549
75.750000 0.011549
76.000000 0.011549
76.250000 0.011549
76.500000 0.011549
76.750000 0.011549
77.000000 0.011549
77.250000 0.011549
77.500000 0.011549
77.750000 0.011549
78.000000 0.011549
78.250000 0.011549
78.500000 0.011549
78.750000 0.011549
79.000000 0.011549
79.250000 0.011549
79.500000 0.011549
79.750000 0.011549
80.000000 0.011549
80.250000 0.011549
80.500000 0.011549
80.750000 0.011549
81.000000 0.011549
81.250000 0.011549
81.500000 0.011549
81.750000 0.011549
82.000000 0.011549
82.250000 0.011549
82.500000 0.011549
82.750000 0.011549
83.000000 0.011549
83.250000 0.011549
83.500000 0.011549
83.750000 0.011549
84.000000 0.011549
84.250000 0.011549
84.500000 0.011549
84.750000 0.011549
85.000000 0.011549
85.250000 0.011549
85.500000 0.011549
85.750000 0.011549
86.000000 0.011549
86.250000 0.011549
86.500000 0.011549
86.750000 0.011549
87.000000 0.011549
87.250000 0.011549
87.500000 0.011549
87.750000 0.011549
88.000000 0.011549
88.250000 0.011549
88.500000 0.011549
88.750000 0.011549
89.000000 0.011549
89.250000 0.011549
89.500000 0.011549
89.750000 0.011549
90.000000 0.011549
90.250000 0.011549
90.500000 0.011549
90.750000 0.011549
91.000000 0.011549
91.250000 0.011549
91.500000 0.011549
91.750000 0.011549
92.000000 0.011549
92.250000 0.011549
92.500000 0.011549
92.750000 0.011549
93.000000 0.011549
93.250000 0.011549
93.500000 0.011549
93.750000 0.011549
94.000000 0.011549
94.250000 0.011549
94.500000 0.011549
94.750000 0.011549
95.000000 0.011549
95.250000 0.011549
95.500000 0.011549
95.750000 0.011549
96.000000 0.011549
96.250000 0.011549
96.500000 0.011549
96.750000 0.011549
97.000000 0.011549
97.250000 0.011549
97.500000 0.011549
97.750000 0.011549
98.000000 0.011549
98.250000 0.011549
98.500000 0.011549
98.750000 0.011549
99.000000 0.011549
99.250000 0.011549
99.500000 0.011549
