0.066453 0.000000
1.900213 0.641928
3.884641 0.041147
5.893807 0.109865
7.889658 0.109865
9.888109 0.109865
11.889454 0.109865
13.888673 0.109865
15.892622 0.109865
17.888648 0.109865
19.886264 0.109865
21.892590 0.109865
23.889857 0.109865
25.886176 0.109865
27.899640 0.109865
29.882888 0.109865
31.891386 0.109865
33.897587 0.109865
35.899473 0.109865
37.893172 0.109865
39.891435 0.109865
41.894227 0.109865
43.896500 0.109865
45.897437 0.109865
47.895987 0.109865
49.894289 0.109865
51.895087 0.109865
53.899814 0.109865
55.898162 0.109865
57.899155 0.109865
59.896179 0.109865
61.894876 0.109865
63.894053 0.109865
65.923148 0.109865
67.898918 0.109865
69.911786 0.109865
71.902396 0.109865
73.897156 0.109865
75.903490 0.109865
77.901385 0.109865
79.904667 0.109865
81.904623 0.109865
83.900939 0.109865
85.904112 0.109865
87.901076 0.109865
89.898831 0.109865
91.911641 0.109865
93.902531 0.109865
95.904356 0.109865
97.896027 0.109865
99.908767 0.109865
101.901231 0.109865
103.903128 0.109865
105.904961 0.109865
107.903290 0.109865
109.912406 0.109865
111.906357 0.109865
113.903958 0.109865
115.911442 0.109865
117.904606 0.109865
119.902596 0.109865
121.906558 0.109865
123.900577 0.109865
125.912249 0.109865
127.909095 0.109865
129.909757 0.109865
131.908015 0.109865
133.908021 0.109865
135.911389 0.109865
137.907427 0.109865
139.909428 0.109865
141.908986 0.109865
143.912912 0.109865
145.910662 0.109865
147.914154 0.109865
149.912353 0.109865
151.911274 0.109865
153.913254 0.109865
155.915999 0.109865
157.918633 0.109865
159.918956 0.109865
161.918961 0.109865
163.924108 0.109865
165.925429 0.109865
167.931336 0.109865
169.923280 0.109865
171.925341 0.109865
173.933906 0.109865
175.923415 0.109865
177.935350 0.109865
179.929553 0.109865
181.928006 0.109865
183.927365 0.109865
185.933562 0.109865
187.921345 0.109865
189.925932 0.109865
191.932499 0.109865
193.929622 0.109865
195.930895 0.109865
197.934420 0.109865
199.928572 0.109865
201.933632 0.109865
203.928863 0.109865
205.937106 0.109865
207.939239 0.109865
209.940501 0.109865
211.938340 0.109865
213.941686 0.109865
215.941920 0.109865
217.941835 0.109865
219.937416 0.109865
221.943519 0.109865
223.944322 0.109865
225.944453 0.109865
227.945472 0.109865
229.949872 0.109865
231.948536 0.109865
233.944948 0.109865
235.948619 0.109865
237.944309 0.109865
239.948585 0.109865
241.944484 0.109865
243.949542 0.109865
245.951073 0.109865
247.947645 0.109865
249.943002 0.109865
251.946925 0.109865
253.949439 0.109865
255.949126 0.109865
257.955142 0.109865
259.957058 0.109865
261.951132 0.109865
263.939007 0.109865
265.951500 0.109865
267.951683 0.109865
269.955903 0.109865
271.952937 0.109865
273.952546 0.109865
275.953921 0.109865
277.954962 0.109865
279.961599 0.109865
281.948159 0.109865
283.953703 0.109865
285.956900 0.109865
287.958388 0.109865
289.959878 0.109865
291.960432 0.109865
293.969729 0.109865
295.959248 0.109865
297.957542 0.109865
299.954510 0.109865
301.956605 0.109865
303.964500 0.109865
305.962489 0.109865
307.961632 0.109865
309.962035 0.109865
311.967743 0.109865
313.961685 0.109865
315.963404 0.109865
317.964811 0.109865
319.962995 0.109865
321.962030 0.109865
323.969023 0.109865
325.956224 0.109865
327.969897 0.109865
329.966047 0.109865
333.032377 0.109865
333.987045 0.109865
335.984318 0.109865
337.992896 0.109865
339.986863 0.109865
