0.299759 0.124871
1.882804 0.518067
3.888143 0.165201
5.885665 0.109590
7.881938 0.109590
9.889379 0.109590
11.893647 0.109590
13.892486 0.109590
15.878139 0.109590
17.885136 0.109590
19.889838 0.109590
21.889861 0.109590
23.893774 0.109590
25.896436 0.109590
27.887969 0.109590
29.894837 0.292487
31.891330 0.292487
33.890054 0.292487
35.888651 0.292487
37.892765 0.292487
39.889701 0.292487
41.890160 0.292487
43.893970 0.292487
45.897552 0.292487
47.892629 0.292487
49.893568 0.292487
51.894540 0.292487
53.893078 0.292487
55.900452 0.292487
57.895063 0.292487
59.895160 0.292487
61.893870 0.292487
63.894443 0.292487
65.901655 0.292487
67.899369 0.292487
69.896022 0.292487
71.902995 0.292487
73.894028 0.292487
75.894957 0.292487
77.898878 0.292487
79.897635 0.292487
81.902299 0.292487
83.903425 0.292487
85.897023 0.292487
87.895098 0.292487
89.902376 0.292487
91.900493 0.292487
93.900111 0.292487
95.902616 0.292487
97.900008 0.292487
99.904132 0.292487
101.903386 0.292487
103.903760 0.292487
105.902534 0.292487
107.905315 0.292487
109.903869 0.292487
111.904167 0.292487
113.907556 0.292487
115.901646 0.292487
117.906356 0.292487
119.906183 0.292487
121.910561 0.292487
123.905898 0.292487
125.904131 0.292487
127.910983 0.292487
129.908103 0.292487
131.907803 0.292487
133.908727 0.292487
135.908574 0.292487
137.916172 0.292487
139.908586 0.292487
141.908891 0.292487
143.910029 0.292487
145.910348 0.292487
147.910061 0.292487
149.910341 0.292487
151.912897 0.292487
153.919872 0.292487
155.915745 0.292487
157.915340 0.292487
159.916145 0.292487
161.925026 0.292487
163.922003 0.292487
165.921086 0.292487
167.927404 0.292487
169.927466 0.292487
171.922584 0.292487
173.927476 0.292487
175.922983 0.292487
177.914582 0.292487
179.927361 0.292487
181.929313 0.292487
183.927301 0.292487
185.928876 0.292487
187.928293 0.292487
189.930245 0.292487
191.919246 0.292487
193.925727 0.292487
195.926462 0.292487
197.931912 0.292487
199.933205 0.292487
201.930057 0.292487
203.936677 0.292487
205.935253 0.292487
207.938157 0.292487
209.939028 0.292487
211.937370 0.292487
213.940140 0.292487
215.943700 0.292487
217.939650 0.292487
219.943833 0.292487
221.945705 0.292487
223.943315 0.292487
225.942660 0.292487
227.941417 0.292487
229.942565 0.292487
231.941243 0.292487
233.944842 0.292487
235.945091 0.292487
237.943432 0.292487
239.949755 0.292487
241.947069 0.292487
243.946171 0.292487
245.952267 0.292487
247.949754 0.292487
249.946763 0.292487
251.955597 0.292487
253.948403 0.292487
255.950981 0.292487
257.955106 0.292487
259.947087 0.292487
261.946713 0.292487
263.950792 0.292487
265.951800 0.292487
267.952427 0.292487
269.948654 0.292487
271.952182 0.292487
273.948435 0.292487
275.954025 0.292487
277.950947 0.292487
279.953774 0.292487
281.952627 0.292487
283.954301 0.292487
285.953175 0.292487
287.958545 0.292487
289.957667 0.292487
291.957968 0.292487
293.956056 0.292487
295.952491 0.292487
297.947231 0.292487
299.956148 0.292487
301.954493 0.292487
303.954956 0.292487
305.961103 0.292487
307.952545 0.292487
309.962170 0.292487
311.962540 0.292487
313.957990 0.292487
315.950098 0.292487
317.962787 0.292487
319.962529 0.292487
321.963122 0.292487
323.965517 0.292487
325.964421 0.292487
327.958796 0.292487
329.963859 0.292487
332.333648 0.292487
333.972937 0.292487
335.978632 0.292487
337.985991 0.292487
