0.033565 0.000000
6.530044 0.000000
16.895779 0.000000
17.186989 0.000000
17.515065 0.000000
17.876996 0.000000
18.290508 1.009080
18.640905 3.844628
19.046170 11.151538
19.420655 15.634078
19.757461 14.670098
20.087459 8.396602
20.460356 17.160158
20.858531 29.593904
21.161324 51.712100
21.507077 40.482640
21.884814 29.040205
22.267598 32.901881
22.652693 36.638741
23.051137 42.570926
23.396232 43.496027
23.741229 42.957852
24.131356 42.957852
24.681013 42.957852
25.112249 42.957852
25.490616 42.957852
25.793913 42.957852
26.220440 42.957852
26.574735 42.957852
27.062750 42.957852
27.424931 42.957852
27.774796 42.957852
28.082863 42.957852
28.603167 42.957852
29.054063 42.957852
29.482646 42.957852
31.044371 42.957852
31.407200 42.957852
31.750361 42.957852
32.124290 42.957852
32.475924 42.957852
32.768333 42.957852
33.126971 42.957852
33.488985 42.957852
33.839208 42.957852
34.158854 42.957852
35.881409 42.957852
37.181750 42.957852
38.836825 42.957852
40.932498 42.957852
41.275443 42.957852
41.619613 42.957852
41.963058 42.957852
42.314895 42.957852
42.684877 42.957852
47.959407 42.957852
48.327191 42.957852
48.682348 42.957852
49.068077 42.957852
49.941963 42.957852
50.316260 42.957852
50.587291 42.957852
52.910063 42.957852
53.421713 42.957852
53.966682 42.957852
57.406172 42.957852
57.743531 42.957852
58.124565 42.957852
58.502121 42.957852
58.877209 42.957852
59.271002 42.957852
59.637841 42.957852
60.042466 42.957852
60.446591 42.957852
60.843768 42.957852
61.242192 42.957852
61.586888 42.957852
61.972255 42.957852
62.367969 42.957852
62.776244 42.957852
63.151727 42.957852
63.516389 42.957852
65.343220 42.957852
65.776184 42.957852
66.140458 42.957852
66.377812 42.957852
66.821654 42.957852
67.223762 42.957852
68.768344 42.957852
70.011581 42.957852
72.036375 42.957852
