0.294186 0.000000
1.884524 0.641001
3.884491 0.150465
5.887601 0.094201
7.894493 0.094201
9.892031 0.094201
11.882853 0.094201
13.890451 0.094201
15.884711 0.094201
17.886484 0.094201
19.892064 0.094201
21.892595 0.094201
23.891930 0.094201
25.893374 0.094201
27.889997 0.094201
29.896862 0.094201
31.893667 0.094201
33.892135 0.094201
35.887526 0.094201
37.894803 0.094201
39.892585 0.094201
41.891967 0.094201
43.893382 0.094201
45.899440 0.094201
47.895074 0.094201
49.893291 0.094201
51.901413 0.094201
53.895478 0.094201
55.881506 0.094201
57.893961 0.094201
59.892382 0.094201
61.906719 0.094201
63.896514 0.094201
65.904308 0.094201
67.901998 0.094201
69.898390 0.094201
71.905514 0.094201
73.902688 0.094201
75.897062 0.094201
77.899369 0.094201
79.908881 0.094201
81.886036 0.094201
83.906120 0.094201
85.900828 0.094201
87.900667 0.094201
89.905114 0.094201
91.902368 0.094201
93.902844 0.094201
95.889313 0.094201
97.901869 0.094201
99.911344 0.094201
101.905518 0.094201
103.905666 0.094201
105.904451 0.094201
107.909671 0.094201
109.900167 0.094201
111.906131 0.094201
113.909351 0.094201
115.906388 0.094201
117.908165 0.094201
119.908087 0.094201
121.912701 0.094201
123.907943 0.094201
125.906941 0.094201
127.909162 0.094201
129.898731 0.094201
131.908820 0.094201
133.910631 0.094201
135.911120 0.094201
137.918512 0.094201
139.910252 0.094201
141.910434 0.094201
143.908278 0.094201
145.912261 0.094201
147.911961 0.094201
149.912170 0.094201
151.913257 0.094201
153.917220 0.094201
155.916383 0.094201
157.918896 0.094201
159.918145 0.094201
161.927079 0.094201
163.923658 0.094201
165.925584 0.094201
167.925978 0.094201
169.923264 0.094201
171.929469 0.094201
173.929339 0.094201
175.924472 0.094201
177.921160 0.094201
179.929386 0.094201
181.931273 0.094201
183.929223 0.094201
185.930460 0.094201
187.930299 0.094201
189.932030 0.094201
191.933727 0.094201
193.927823 0.094201
195.926012 0.094201
197.928159 0.094201
199.927217 0.094201
201.932108 0.094201
203.932041 0.094201
205.932440 0.094201
207.920785 0.094201
209.941024 0.094201
211.940400 0.094201
213.930718 0.094201
215.935657 0.094201
217.943414 0.094201
219.929874 0.094201
221.938889 0.094201
223.943409 0.094201
225.940108 0.094201
227.944756 0.094201
229.943239 0.094201
231.942761 0.094201
233.944036 0.094201
235.946863 0.094201
237.936072 0.094201
239.952145 0.094201
241.949241 0.094201
243.948100 0.094201
245.952729 0.094201
247.948119 0.094201
249.946451 0.094201
251.936990 0.094201
253.950397 0.094201
255.952984 0.094201
257.957104 0.094201
259.948738 0.094201
261.955979 0.094201
263.952254 0.094201
265.954079 0.094201
267.939461 0.094201
269.962140 0.094201
271.954108 0.094201
273.954966 0.094201
275.952334 0.094201
277.955653 0.094201
279.955225 0.094201
281.955982 0.094201
283.952515 0.094201
285.956967 0.094201
287.943146 0.094201
289.955127 0.094201
291.958150 0.094201
293.958533 0.094201
295.957910 0.094201
297.953223 0.094201
299.959034 0.094201
301.960921 0.094201
303.956573 0.094201
305.963060 0.094201
307.957815 0.094201
309.963644 0.094201
311.947378 0.094201
313.959805 0.094201
315.960359 0.094201
317.964745 0.094201
319.964584 0.094201
321.965106 0.094201
323.971023 0.094201
325.966453 0.094201
327.959748 0.094201
329.965491 0.094201
332.457628 0.094201
333.977432 0.094201
335.992835 0.094201
337.983413 0.094201
339.992810 0.094201
