0.000000 0.000000
0.250000 0.000000
0.500000 0.003000
0.750000 0.037000
1.000000 0.040000
1.250000 0.043000
1.500000 0.043000
1.750000 0.043000
2.000000 0.043000
2.250000 0.043000
2.500000 0.043000
2.750000 0.043000
3.000000 0.043000
3.250000 0.047000
3.500000 0.047000
3.750000 0.049000
4.000000 0.049000
4.250000 0.049000
4.500000 0.049000
4.750000 0.049000
5.000000 0.049000
5.250000 0.049000
5.500000 0.051000
5.750000 0.056000
6.000000 0.057000
6.250000 0.059000
6.500000 0.059000
6.750000 0.063000
7.000000 0.063000
7.250000 0.065000
7.500000 0.065000
7.750000 0.065000
8.000000 0.068000
8.250000 0.068000
8.500000 0.069000
8.750000 0.069000
9.000000 0.071000
9.250000 0.071000
9.500000 0.071000
9.750000 0.071000
10.000000 0.071000
10.250000 0.071000
10.500000 0.071000
10.750000 0.071000
11.000000 0.071000
11.250000 0.071000
11.500000 0.071000
11.750000 0.071000
12.000000 0.071000
12.250000 0.071000
12.500000 0.071000
12.750000 0.071000
13.000000 0.071000
13.250000 0.071000
13.500000 0.071000
13.750000 0.071000
14.000000 0.071000
14.250000 0.075000
14.500000 0.075000
14.750000 0.077000
15.000000 0.077000
15.250000 0.078000
15.500000 0.078000
15.750000 0.078000
16.000000 0.078000
16.250000 0.078000
16.500000 0.078000
16.750000 0.078000
17.000000 0.078000
17.250000 0.078000
17.500000 0.078000
17.750000 0.078000
18.000000 0.078000
18.250000 0.078000
18.500000 0.078000
18.750000 0.078000
19.000000 0.078000
19.250000 0.078000
19.500000 0.078000
19.750000 0.078000
20.000000 0.078000
20.250000 0.078000
20.500000 0.080000
20.750000 0.086000
21.000000 0.088000
21.250000 0.094000
21.500000 0.094000
21.750000 0.095000
22.000000 0.097000
22.250000 0.097000
