0.000000 0.000000
0.250000 0.025720
0.500000 0.025720
0.750000 0.025720
1.000000 0.025720
1.250000 0.025720
1.500000 0.025720
1.750000 0.025720
2.000000 0.025720
2.250000 0.025720
2.500000 0.025720
2.750000 0.025720
3.000000 0.025720
3.250000 0.025720
3.500000 0.025720
3.750000 0.025720
4.000000 0.025720
4.250000 0.025720
4.500000 0.025720
4.750000 0.025720
5.000000 0.025720
5.250000 0.025720
5.500000 0.025720
5.750000 0.025720
6.000000 0.025720
6.250000 0.025720
6.500000 0.025720
6.750000 0.025720
7.000000 0.025720
7.250000 0.025720
7.500000 0.025720
7.750000 0.025720
8.000000 0.025720
8.250000 0.025720
8.500000 0.025720
8.750000 0.025720
9.000000 0.025720
9.250000 0.025720
9.500000 0.025720
9.750000 0.025720
10.000000 0.025720
10.250000 0.025720
10.500000 0.025720
10.750000 0.025720
11.000000 0.025720
11.250000 0.025720
11.500000 0.025720
11.750000 0.025720
12.000000 0.025720
12.250000 0.025720
12.500000 0.025720
12.750000 0.025720
13.000000 0.025720
13.250000 0.025720
13.500000 0.025720
13.750000 0.025720
14.000000 0.025720
14.250000 0.025720
14.500000 0.025720
14.750000 0.025720
15.000000 0.025720
15.250000 0.025720
15.500000 0.025720
15.750000 0.025720
16.000000 0.025720
16.250000 0.025720
16.500000 0.025720
16.750000 0.025720
17.000000 0.025720
17.250000 0.025720
17.500000 0.025720
17.750000 0.025720
18.000000 0.025720
18.250000 0.025720
18.500000 0.025720
18.750000 0.025720
19.000000 0.025720
19.250000 0.025720
19.500000 0.025720
19.750000 0.025720
20.000000 0.025720
20.250000 0.025720
20.500000 0.025720
20.750000 0.025720
21.000000 0.025720
21.250000 0.025720
21.500000 0.025720
21.750000 0.025720
22.000000 0.025720
22.250000 0.025720
22.500000 0.025720
22.750000 0.025720
23.000000 0.025720
23.250000 0.025720
23.500000 0.025720
23.750000 0.025720
24.000000 0.025720
24.250000 0.025720
24.500000 0.025720
24.750000 0.025720
25.000000 0.025720
25.250000 0.025720
25.500000 0.025720
25.750000 0.025720
26.000000 0.025720
26.250000 0.025720
26.500000 0.025720
26.750000 0.025720
27.000000 0.025720
27.250000 0.025720
27.500000 0.025720
27.750000 0.025720
28.000000 0.025720
28.250000 0.025720
28.500000 0.025720
28.750000 0.025720
29.000000 0.025720
29.250000 0.025720
29.500000 0.025720
29.750000 0.025720
30.000000 0.025720
30.250000 0.025720
30.500000 0.025720
30.750000 0.025720
31.000000 0.025720
31.250000 0.025720
31.500000 0.025720
31.750000 0.025720
32.000000 0.025720
32.250000 0.025720
32.500000 0.025720
32.750000 0.025720
33.000000 0.025720
33.250000 0.025720
33.500000 0.025720
33.750000 0.025720
34.000000 0.025720
34.250000 0.025720
34.500000 0.025720
34.750000 0.025720
35.000000 0.025720
35.250000 0.025720
35.500000 0.025720
35.750000 0.025720
36.000000 0.025720
36.250000 0.025720
36.500000 0.025720
36.750000 0.025720
37.000000 0.025720
37.250000 0.025720
37.500000 0.025720
37.750000 0.025720
38.000000 0.025720
38.250000 0.025720
38.500000 0.025720
38.750000 0.025720
39.000000 0.025720
39.250000 0.025720
39.500000 0.025720
39.750000 0.025720
40.000000 0.025720
40.250000 0.025720
40.500000 0.025720
40.750000 0.025720
41.000000 0.025720
41.250000 0.025720
41.500000 0.025720
41.750000 0.025720
42.000000 0.025720
42.250000 0.025720
42.500000 0.025720
42.750000 0.025720
43.000000 0.025720
43.250000 0.025720
43.500000 0.025720
43.750000 0.025720
44.000000 0.025720
44.250000 0.025720
44.500000 0.025720
44.750000 0.025720
45.000000 0.025720
45.250000 0.025720
45.500000 0.025720
45.750000 0.025720
46.000000 0.025720
46.250000 0.025720
46.500000 0.025720
46.750000 0.025720
47.000000 0.025720
47.250000 0.025720
47.500000 0.025720
47.750000 0.025720
48.000000 0.025720
48.250000 0.025720
48.500000 0.025720
48.750000 0.025720
49.000000 0.025720
49.250000 0.025720
49.500000 0.025720
49.750000 0.025720
50.000000 0.025720
50.250000 0.025720
50.500000 0.025720
50.750000 0.025720
51.000000 0.025720
51.250000 0.025720
51.500000 0.025720
51.750000 0.025720
52.000000 0.025720
52.250000 0.025720
52.500000 0.025720
52.750000 0.025720
53.000000 0.025720
53.250000 0.025720
53.500000 0.025720
53.750000 0.025720
54.000000 0.025720
54.250000 0.025720
54.500000 0.025720
54.750000 0.025720
55.000000 0.025720
55.250000 0.025720
55.500000 0.025720
55.750000 0.025720
56.000000 0.025720
56.250000 0.025720
56.500000 0.025720
56.750000 0.025720
57.000000 0.025720
57.250000 0.025720
57.500000 0.025720
57.750000 0.025720
58.000000 0.025720
58.250000 0.025720
58.500000 0.025720
58.750000 0.025720
59.000000 0.025720
59.250000 0.025720
59.500000 0.025720
59.750000 0.025720
60.000000 0.025720
60.250000 0.025720
60.500000 0.025720
60.750000 0.025720
61.000000 0.025720
61.250000 0.025720
61.500000 0.025720
61.750000 0.025720
62.000000 0.025720
62.250000 0.025720
62.500000 0.025720
62.750000 0.025720
63.000000 0.025720
63.250000 0.025720
63.500000 0.025720
63.750000 0.025720
64.000000 0.025720
64.250000 0.025720
64.500000 0.025720
64.750000 0.025720
65.000000 0.025720
65.250000 0.025720
65.500000 0.025720
65.750000 0.025720
66.000000 0.025720
66.250000 0.025720
66.500000 0.025720
66.750000 0.025720
67.000000 0.025720
67.250000 0.025720
67.500000 0.025720
67.750000 0.025720
68.000000 0.025720
68.250000 0.025720
68.500000 0.025720
68.750000 0.025720
69.000000 0.025720
69.250000 0.025720
69.500000 0.025720
69.750000 0.025720
70.000000 0.025720
70.250000 0.025720
70.500000 0.025720
70.750000 0.025720
71.000000 0.025720
71.250000 0.025720
71.500000 0.025720
71.750000 0.025720
72.000000 0.025720
72.250000 0.025720
72.500000 0.025720
72.750000 0.025720
73.000000 0.025720
73.250000 0.025720
73.500000 0.025720
73.750000 0.025720
74.000000 0.025720
74.250000 0.025720
74.500000 0.025720
74.750000 0.025720
75.000000 0.025720
75.250000 0.025720
75.500000 0.025720
75.750000 0.025720
76.000000 0.025720
76.250000 0.025720
76.500000 0.025720
76.750000 0.025720
77.000000 0.025720
77.250000 0.025720
77.500000 0.025720
77.750000 0.025720
78.000000 0.025720
78.250000 0.025720
78.500000 0.025720
78.750000 0.025720
79.000000 0.025720
79.250000 0.025720
79.500000 0.025720
79.750000 0.025720
80.000000 0.025720
80.250000 0.025720
80.500000 0.025720
80.750000 0.025720
81.000000 0.025720
81.250000 0.025720
81.500000 0.025720
81.750000 0.025720
82.000000 0.025720
82.250000 0.025720
82.500000 0.025720
82.750000 0.025720
83.000000 0.025720
83.250000 0.025720
83.500000 0.025720
83.750000 0.025720
84.000000 0.025720
84.250000 0.025720
84.500000 0.025720
84.750000 0.025720
85.000000 0.025720
85.250000 0.025720
85.500000 0.025720
85.750000 0.025720
86.000000 0.025720
86.250000 0.025720
86.500000 0.025720
86.750000 0.025720
87.000000 0.025720
87.250000 0.025720
87.500000 0.025720
87.750000 0.025720
88.000000 0.025720
88.250000 0.025720
88.500000 0.025720
88.750000 0.025720
89.000000 0.025720
89.250000 0.025720
89.500000 0.025720
89.750000 0.025720
90.000000 0.025720
90.250000 0.025720
90.500000 0.025720
90.750000 0.025720
91.000000 0.025720
91.250000 0.025720
91.500000 0.025720
91.750000 0.025720
92.000000 0.025720
92.250000 0.025720
92.500000 0.025720
92.750000 0.025720
93.000000 0.025720
93.250000 0.025720
93.500000 0.025720
93.750000 0.025720
94.000000 0.025720
94.250000 0.025720
94.500000 0.025720
94.750000 0.025720
95.000000 0.025720
95.250000 0.025720
95.500000 0.025720
95.750000 0.025720
96.000000 0.025720
96.250000 0.025720
96.500000 0.025720
96.750000 0.025720
97.000000 0.025720
97.250000 0.025720
97.500000 0.025720
97.750000 0.025720
98.000000 0.025720
98.250000 0.025720
98.500000 0.025720
98.750000 0.025720
99.000000 0.025720
99.250000 0.025720
99.500000 0.025720
