1.829272 0.000000
1.884871 0.654144
3.890615 0.150356
5.889421 0.095742
7.884050 0.095742
9.887103 0.095742
11.896158 0.095742
13.894825 0.095742
15.880428 0.095742
17.886962 0.095742
19.886517 0.095742
21.892256 0.095742
23.896091 0.095742
25.898864 0.095742
27.890642 0.095742
29.890977 0.095742
31.894006 0.095742
33.900177 0.095742
35.890438 0.095742
37.891958 0.095742
39.891342 0.095742
41.892440 0.095742
43.896175 0.095742
45.889966 0.160971
47.897663 0.174751
49.895578 0.176909
51.902822 0.187700
53.895450 0.187700
56.691146 0.187700
57.897074 0.218427
59.897599 6.760171
61.896123 0.597042
63.898098 0.702857
65.906993 0.702857
67.899990 0.702857
69.899671 0.702857
71.893369 0.702857
73.896190 0.702857
75.896649 0.702857
77.900966 0.702857
79.900076 0.702857
81.900591 0.702857
83.906484 0.702857
85.898736 0.702857
87.896566 0.702857
89.898271 0.702857
91.900214 0.702857
93.897056 0.702857
95.900363 0.702857
97.903914 0.702857
99.906168 0.702857
101.900850 0.702857
103.907685 0.702857
105.910845 0.702857
107.907643 0.702857
109.905943 0.702857
111.892850 0.702857
113.900672 0.702857
115.902974 0.702857
117.904512 0.702857
119.898871 0.702857
121.907384 0.702857
123.904468 0.702857
125.905818 0.702857
127.913326 0.702857
129.910231 0.702857
131.909520 0.702857
133.914130 0.702857
135.909803 0.702857
137.914667 0.702857
139.910082 0.702857
141.912073 0.702857
143.912013 0.702857
145.910012 0.702857
147.915246 0.702857
149.901274 0.702857
151.914335 0.702857
153.921914 0.702857
155.917798 0.702857
157.917252 0.702857
159.919813 0.702857
161.918281 0.702857
163.916583 0.702857
165.922546 0.702857
167.929323 0.702857
169.929569 0.702857
171.924067 0.702857
173.933578 0.702857
175.914289 0.702857
177.917820 0.702857
179.928633 0.702857
181.931180 0.702857
183.929417 0.702857
185.927461 0.702857
187.928752 0.702857
189.928059 0.702857
191.920821 0.702857
193.927266 0.702857
195.927994 0.702857
197.933838 0.702857
199.935192 0.702857
201.933958 0.702857
203.938837 0.702857
205.937369 0.702857
207.925886 0.702857
209.941380 0.702857
211.938856 0.702857
213.942176 0.702857
215.945677 0.702857
217.941524 0.702857
219.945643 0.702857
221.947344 0.702857
223.945264 0.702857
225.944551 0.702857
227.943377 0.702857
229.944502 0.702857
231.948184 0.702857
233.946758 0.702857
235.947185 0.702857
237.944955 0.702857
239.946880 0.702857
241.950070 0.702857
243.953671 0.702857
245.954136 0.702857
247.952052 0.702857
249.948816 0.702857
251.948594 0.702857
253.952499 0.702857
255.953423 0.702857
257.950812 0.702857
259.941228 0.702857
261.948324 0.702857
263.953459 0.702857
265.953395 0.702857
267.954426 0.702857
269.953046 0.702857
271.954634 0.702857
273.949884 0.702857
275.956065 0.702857
277.954099 0.702857
279.956814 0.702857
281.954185 0.702857
283.956326 0.702857
285.954768 0.702857
287.960501 0.702857
289.959946 0.702857
291.960090 0.702857
293.957975 0.702857
295.954151 0.702857
297.949009 0.702857
299.957723 0.702857
301.956178 0.702857
303.960582 0.702857
305.948775 0.702857
307.953277 0.702857
309.965308 0.702857
311.960032 0.702857
313.959636 0.702857
315.952050 0.702857
317.960869 0.702857
319.967141 0.702857
321.957488 0.702857
323.967490 0.702857
325.962974 0.702857
327.967680 0.702857
329.972338 0.702857
332.161739 0.702857
333.974466 0.702857
335.980298 0.702857
337.987854 0.702857
340.000329 0.702857
342.017769 0.702857
345.071249 0.702857
346.016836 0.702857
348.462250 0.702857
350.031430 0.702857
352.070986 0.702857
