0.000000 0.000000
0.250000 0.000000
0.500000 0.000000
0.750000 0.000000
1.000000 0.000000
1.250000 0.000000
1.500000 1.377671
1.750000 6.494664
2.000000 7.882621
2.250000 8.970529
2.500000 7.602604
2.750000 7.602604
3.000000 21.287553
3.250000 16.781603
3.500000 27.434731
3.750000 45.703989
4.000000 47.858487
4.250000 47.858487
4.500000 47.858487
4.750000 47.858487
5.000000 47.858487
5.250000 47.858487
5.500000 47.858487
5.750000 47.858487
6.000000 47.858487
6.250000 47.858487
6.500000 51.582706
6.750000 107.209290
7.000000 101.076458
7.250000 101.076458
7.500000 101.076458
7.750000 101.076458
8.000000 101.076458
8.250000 101.076458
8.500000 101.076458
8.750000 101.076458
9.000000 101.076458
9.250000 101.076458
9.500000 101.076458
9.750000 101.076458
10.000000 101.076458
10.250000 101.076458
10.500000 101.630694
10.750000 102.744048
11.000000 172.675834
11.250000 155.303300
11.500000 155.303300
11.750000 155.303300
12.000000 155.303300
12.250000 155.303300
12.500000 155.303300
12.750000 155.303300
13.000000 155.303300
13.250000 155.303300
13.500000 155.303300
13.750000 155.303300
14.000000 155.303300
14.250000 155.303300
14.500000 155.303300
14.750000 155.303300
15.000000 155.303300
15.250000 155.303300
15.500000 155.303300
15.750000 155.303300
16.000000 155.303300
16.250000 155.303300
16.500000 155.303300
16.750000 155.303300
17.000000 155.303300
17.250000 180.253922
17.500000 194.506217
17.750000 198.264869
18.000000 198.264869
18.250000 198.264869
18.500000 198.264869
18.750000 198.264869
19.000000 198.264869
19.250000 204.312908
19.500000 209.780505
19.750000 216.463565
20.000000 213.384767
20.250000 206.773266
20.500000 209.292425
20.750000 213.161044
21.000000 223.868164
21.250000 227.105551
21.500000 230.820499
21.750000 234.311847
22.000000 240.754636
22.250000 246.609872
22.500000 306.491192
22.750000 313.848493
23.000000 369.796279
23.250000 371.779306
23.500000 372.037977
23.750000 372.037977
24.000000 372.037977
24.250000 372.037977
24.500000 372.037977
24.750000 372.037977
25.000000 372.037977
25.250000 372.037977
25.500000 372.037977
25.750000 372.037977
26.000000 372.037977
26.250000 374.687324
26.500000 373.624820
26.750000 392.425187
27.000000 420.579709
27.250000 420.579709
27.500000 420.579709
27.750000 420.579709
28.000000 420.579709
28.250000 420.579709
28.500000 472.814037
28.750000 472.328187
29.000000 484.781869
29.250000 484.781869
29.500000 484.781869
29.750000 484.781869
30.000000 484.781869
30.250000 484.781869
30.500000 487.979910
30.750000 493.994103
31.000000 491.414311
31.250000 501.538973
31.500000 492.668423
31.750000 494.339045
32.000000 496.916264
32.250000 496.123899
32.500000 499.277175
32.750000 500.397418
33.000000 507.863633
33.250000 508.964124
33.500000 504.157049
33.750000 514.717854
34.000000 509.112069
