0.179840 0.000000
6.522660 0.173963
6.732894 0.173963
16.893015 0.173963
17.194588 0.173963
17.506624 0.173963
17.870597 0.173963
18.280308 0.173963
18.632364 0.173963
19.033791 0.173963
19.412699 0.173963
19.762728 0.173963
20.075185 0.173963
20.443634 0.173963
20.853995 0.173963
21.152341 0.173963
21.499685 0.173963
21.871971 0.173963
22.258180 0.173963
22.656049 0.173963
23.041324 0.173963
23.386099 0.173963
23.744609 0.173963
24.134981 0.173963
24.674111 0.173963
25.111291 0.173963
25.484427 0.173963
25.786941 0.173963
26.211905 0.173963
26.577065 0.173963
27.048701 0.173963
27.434510 0.173963
27.776911 0.173963
28.076723 0.173963
28.600209 0.173963
29.040413 0.173963
29.472750 0.173963
31.057594 0.173963
31.389441 0.173963
31.746904 0.173963
32.124588 0.173963
32.464948 0.173963
32.755276 0.173963
33.137504 0.173963
33.485116 0.173963
33.833406 0.173963
34.150346 0.173963
35.877937 0.173963
37.165843 0.173963
38.822430 0.173963
40.907799 0.173963
41.266608 0.173963
41.612322 0.173963
41.956948 0.173963
42.303332 0.173963
42.673610 0.173963
47.952118 0.173963
48.317468 0.173963
48.669306 0.173963
49.062073 0.173963
49.933092 0.173963
50.298255 0.173963
50.577422 0.173963
52.898080 0.173963
53.405725 0.173963
53.961410 0.173963
57.388196 0.173963
57.748709 0.173963
58.137848 0.173963
58.501102 0.173963
58.881199 0.173963
59.261276 0.173963
59.626279 0.173963
60.032172 0.173963
60.432190 0.173963
60.830355 0.173963
61.227829 0.173963
61.577718 0.173963
61.953640 0.173963
62.354768 0.173963
62.767624 0.173963
63.161645 0.173963
63.523995 0.173963
65.342323 0.173963
65.769823 0.173963
66.126599 0.173963
66.356405 0.173963
66.807066 0.173963
67.213852 0.173963
68.753322 0.173963
70.002411 0.173963
72.009986 0.173963
