0.000000 0.000000
0.250000 0.000000
0.500000 0.000000
0.750000 0.000000
1.000000 0.000000
1.250000 0.000000
1.500000 0.000000
1.750000 0.000000
2.000000 0.000000
2.250000 0.000000
2.500000 0.000000
2.750000 0.000000
3.000000 0.000000
3.250000 0.000000
3.500000 0.000000
3.750000 0.000000
4.000000 0.000000
4.250000 8.048857
4.500000 10.163235
4.750000 13.244317
5.000000 20.576366
5.250000 9.817430
5.500000 14.980377
5.750000 19.306973
6.000000 27.163419
6.250000 32.058973
6.500000 36.362812
6.750000 42.158196
7.000000 5.126455
7.250000 10.739494
7.500000 21.598820
7.750000 26.494977
8.000000 27.248034
8.250000 28.063322
8.500000 28.353000
8.750000 28.667061
9.000000 26.473203
9.250000 26.522036
9.500000 26.541899
9.750000 27.835217
10.000000 28.127837
10.250000 29.693208
10.500000 31.935785
10.750000 36.272412
11.000000 38.019002
11.250000 39.874895
11.500000 28.082154
11.750000 30.193457
12.000000 37.770647
12.250000 38.469539
12.500000 38.282762
12.750000 36.923226
13.000000 39.006474
13.250000 40.175772
13.500000 43.059760
13.750000 48.004957
14.000000 51.411957
14.250000 54.767434
14.500000 58.166422
14.750000 38.245914
15.000000 39.859788
15.250000 41.685585
15.500000 43.463110
15.750000 45.296919
16.000000 48.687830
16.250000 50.443665
16.500000 52.299229
16.750000 55.683672
17.000000 37.555505
17.250000 36.504697
17.500000 36.762529
17.750000 41.930550
18.000000 45.664445
18.250000 49.349971
18.500000 53.334345
18.750000 65.463436
19.000000 66.193194
19.250000 58.903672
19.500000 59.140163
19.750000 59.483027
20.000000 60.186282
20.250000 60.895492
20.500000 61.243980
20.750000 59.486071
21.000000 59.540644
21.250000 59.766733
21.500000 59.992823
21.750000 60.218912
22.000000 60.445002
22.250000 60.671091
22.500000 59.273454
22.750000 59.499543
23.000000 59.725633
23.250000 59.951722
23.500000 60.177812
23.750000 60.403901
24.000000 60.629991
24.250000 60.856080
24.500000 61.082170
24.750000 61.308259
25.000000 61.534348
25.250000 61.760438
25.500000 61.986527
25.750000 62.212617
26.000000 62.438706
26.250000 62.799979
26.500000 63.026069
26.750000 59.270100
27.000000 59.496189
27.250000 59.722279
27.500000 59.948368
27.750000 60.174458
28.000000 60.400547
28.250000 60.626637
28.500000 60.852726
28.750000 61.078815
29.000000 61.304905
29.250000 61.530994
29.500000 61.757084
29.750000 61.983173
30.000000 62.209263
30.250000 62.700312
30.500000 62.926401
30.750000 64.720285
31.000000 64.789377
31.250000 65.575612
31.500000 65.865290
31.750000 66.152314
32.000000 66.471783
32.250000 64.795931
32.500000 65.082955
32.750000 66.271990
33.000000 66.742191
33.250000 73.953994
33.500000 76.432659
33.750000 78.460928
34.000000 81.408470
34.250000 84.266088
34.500000 66.002074
34.750000 74.004377
35.000000 79.752318
35.250000 83.329101
35.500000 85.526996
35.750000 89.925396
36.000000 94.227221
36.250000 98.964504
36.500000 101.274493
36.750000 102.043383
37.000000 78.653494
37.250000 87.688988
37.500000 87.974753
37.750000 89.165562
38.000000 89.460059
38.250000 89.747084
38.500000 90.034108
38.750000 90.321133
39.000000 90.711451
39.250000 85.589709
39.500000 85.815799
39.750000 86.041888
40.000000 86.267978
40.250000 85.597654
40.500000 85.823744
40.750000 86.049833
41.000000 86.275923
41.250000 86.502012
41.500000 86.728102
41.750000 86.954191
42.000000 87.180281
42.250000 87.406370
42.500000 87.632460
42.750000 87.858549
43.000000 88.165749
43.250000 88.391838
43.500000 88.617928
43.750000 88.844017
44.000000 89.070107
44.250000 89.296196
44.500000 89.522285
44.750000 89.748375
45.000000 89.974464
45.250000 90.200554
45.500000 90.426643
45.750000 90.652733
46.000000 90.878822
46.250000 91.104912
46.500000 91.331001
46.750000 91.557091
47.000000 85.564336
47.250000 85.790425
47.500000 86.016515
47.750000 86.258826
48.000000 86.484916
48.250000 86.711005
48.500000 86.937095
48.750000 87.163184
49.000000 87.389274
49.250000 87.615363
49.500000 87.841453
49.750000 88.067542
50.000000 88.293632
50.250000 88.519721
50.500000 88.756625
50.750000 88.982715
51.000000 89.208804
51.250000 89.434894
51.500000 89.660983
51.750000 89.887073
52.000000 90.113162
52.250000 90.339252
52.500000 90.565341
52.750000 90.791430
53.000000 85.536880
53.250000 85.762970
53.500000 85.989059
53.750000 86.215149
54.000000 86.441238
54.250000 86.667328
54.500000 86.893417
54.750000 87.119507
55.000000 87.345596
55.250000 87.571686
55.500000 87.797775
55.750000 88.023865
56.000000 88.249954
56.250000 88.476044
56.500000 88.702133
56.750000 88.928223
57.000000 89.154312
57.250000 89.380402
57.500000 89.606491
57.750000 89.832581
58.000000 90.058670
58.250000 90.284760
58.500000 90.510849
58.750000 90.736938
59.000000 90.963028
59.250000 91.189117
59.500000 91.415207
59.750000 91.641296
60.000000 91.867386
60.250000 92.093475
60.500000 92.319565
60.750000 92.545654
61.000000 92.771744
61.250000 92.997833
61.500000 93.223923
61.750000 93.450012
62.000000 93.676102
62.250000 93.902191
62.500000 94.128281
62.750000 94.354370
63.000000 94.580460
63.250000 94.806549
63.500000 95.032639
63.750000 95.258728
64.000000 95.484818
64.250000 85.473037
64.500000 85.715348
64.750000 85.941438
65.000000 86.167527
65.250000 86.393617
65.500000 86.619706
65.750000 86.845796
66.000000 87.071885
66.250000 87.314197
66.500000 87.540286
66.750000 87.766376
67.000000 87.992465
67.250000 88.218554
67.500000 88.444644
67.750000 88.670733
68.000000 88.896823
68.250000 89.122912
68.500000 89.349002
68.750000 89.575091
69.000000 89.801181
69.250000 90.027270
69.500000 90.253360
69.750000 90.479449
70.000000 90.705539
70.250000 90.931628
70.500000 91.157718
70.750000 91.383807
71.000000 91.609897
71.250000 91.835986
71.500000 92.062076
71.750000 92.288165
72.000000 92.514255
72.250000 92.740344
72.500000 92.966434
72.750000 93.192523
73.000000 93.418612
73.250000 93.644702
73.500000 93.870791
73.750000 94.096881
74.000000 94.322970
74.250000 94.549060
74.500000 94.775149
74.750000 95.001239
75.000000 95.227328
75.250000 95.453418
75.500000 85.408735
75.750000 85.634825
76.000000 85.860914
76.250000 86.087004
76.500000 86.313093
76.750000 86.539183
77.000000 86.765272
77.250000 86.991362
77.500000 87.217451
77.750000 87.443541
78.000000 87.669630
78.250000 87.911942
78.500000 85.402444
78.750000 85.628533
79.000000 85.854623
79.250000 86.080712
79.500000 86.306802
79.750000 86.532891
80.000000 86.758981
80.250000 86.985070
80.500000 87.211160
80.750000 87.437249
81.000000 87.663339
81.250000 87.889428
81.500000 88.115518
81.750000 88.341607
82.000000 88.567697
82.250000 88.793786
82.500000 89.019876
82.750000 89.245965
83.000000 89.472054
83.250000 89.698144
83.500000 89.924233
83.750000 90.150323
84.000000 90.376412
84.250000 90.602502
84.500000 90.828591
84.750000 91.054681
85.000000 91.280770
85.250000 91.506860
85.500000 91.732949
85.750000 91.959039
86.000000 92.185128
86.250000 92.411218
86.500000 92.637307
86.750000 92.863397
87.000000 93.089486
87.250000 93.315576
87.500000 93.541665
87.750000 93.767755
88.000000 93.993844
88.250000 94.219934
88.500000 94.446023
88.750000 94.672112
89.000000 85.571693
89.250000 85.797783
89.500000 86.023872
89.750000 86.249962
90.000000 86.476051
90.250000 86.702141
90.500000 86.928230
90.750000 87.154320
91.000000 87.380409
91.250000 87.606499
91.500000 87.832588
91.750000 88.058678
92.000000 88.284767
92.250000 88.510857
92.500000 88.736946
92.750000 88.963036
93.000000 89.189125
93.250000 85.329036
93.500000 85.555125
93.750000 85.781215
94.000000 86.007304
94.250000 86.233394
94.500000 86.459483
94.750000 86.685573
95.000000 86.911662
95.250000 87.137752
95.500000 87.363841
95.750000 87.589931
96.000000 87.816020
96.250000 88.042109
96.500000 88.268199
96.750000 88.494288
97.000000 85.317720
97.250000 85.543810
97.500000 85.769899
97.750000 85.995989
98.000000 86.222078
98.250000 86.448168
98.500000 86.674257
98.750000 86.900347
99.000000 87.126436
99.250000 87.352526
99.500000 87.578615
