0.000000 0.000000
0.250000 0.011549
0.500000 0.011549
0.750000 0.011549
1.000000 0.011549
1.250000 0.033902
1.500000 0.150712
1.750000 0.150712
2.000000 0.150712
2.250000 0.150712
2.500000 0.150712
2.750000 0.150712
3.000000 0.176702
3.250000 0.201862
3.500000 0.201862
3.750000 0.245714
4.000000 0.245714
4.250000 0.245714
4.500000 0.245714
4.750000 0.245714
5.000000 0.245714
5.250000 0.245714
5.500000 0.245714
5.750000 0.245714
6.000000 0.245714
6.250000 0.245714
6.500000 0.245714
6.750000 0.245714
7.000000 0.245714
7.250000 0.245714
7.500000 0.245714
7.750000 0.245714
8.000000 0.245714
8.250000 0.245714
8.500000 0.245714
8.750000 0.245714
9.000000 0.245714
9.250000 0.245714
9.500000 0.245714
9.750000 0.245714
10.000000 0.245714
10.250000 0.245714
10.500000 0.245714
10.750000 0.245714
11.000000 0.245714
11.250000 0.245714
11.500000 0.245714
11.750000 0.245714
12.000000 0.245714
12.250000 0.245714
12.500000 0.245714
12.750000 0.245714
13.000000 0.245714
13.250000 0.245714
13.500000 0.245714
13.750000 0.245714
14.000000 0.245714
14.250000 0.245714
14.500000 0.245714
14.750000 0.245714
15.000000 0.245714
15.250000 0.245714
15.500000 0.245714
15.750000 0.245714
16.000000 0.245714
16.250000 0.245714
16.500000 0.245714
16.750000 0.245714
17.000000 0.245714
17.250000 0.245714
17.500000 0.245714
17.750000 0.245714
18.000000 0.245714
18.250000 0.245714
18.500000 0.245714
18.750000 0.245714
19.000000 0.245714
19.250000 0.245714
19.500000 0.245714
19.750000 0.245714
20.000000 0.245714
20.250000 0.245714
20.500000 0.245714
20.750000 0.259064
21.000000 0.260444
21.250000 0.260444
21.500000 0.260444
21.750000 0.260444
22.000000 0.260444
22.250000 0.260444
22.500000 0.260444
22.750000 0.260444
23.000000 0.260444
23.250000 0.260444
23.500000 0.260444
23.750000 0.260444
24.000000 0.260444
24.250000 0.260444
24.500000 0.260444
24.750000 0.260444
25.000000 0.260444
25.250000 0.260444
25.500000 0.260444
25.750000 0.260444
26.000000 0.260444
26.250000 0.260444
26.500000 0.260444
26.750000 0.260444
27.000000 0.260444
27.250000 0.318667
27.500000 0.318667
27.750000 0.318667
28.000000 0.318667
28.250000 0.318667
28.500000 0.318667
28.750000 0.318667
29.000000 0.318667
29.250000 0.318667
29.500000 0.318667
29.750000 0.318667
30.000000 0.318667
30.250000 0.340843
30.500000 0.340843
30.750000 0.340843
31.000000 0.340843
31.250000 0.340843
31.500000 0.340843
31.750000 0.340843
32.000000 0.340843
32.250000 0.340843
32.500000 0.340843
32.750000 0.340843
33.000000 0.340843
33.250000 0.340843
33.500000 0.340843
33.750000 0.340843
34.000000 0.340843
34.250000 0.340843
34.500000 0.340843
34.750000 0.340843
35.000000 0.340843
35.250000 0.340843
35.500000 0.340843
35.750000 0.340843
36.000000 0.340843
36.250000 0.340843
36.500000 0.340843
36.750000 0.340843
37.000000 0.340843
37.250000 0.340843
37.500000 0.340843
37.750000 0.340843
38.000000 0.340843
38.250000 0.340843
38.500000 0.340843
38.750000 0.340843
39.000000 0.340843
39.250000 0.353893
39.500000 0.353893
39.750000 0.353893
40.000000 0.353893
40.250000 0.353893
40.500000 0.353893
40.750000 0.353893
41.000000 0.353893
41.250000 0.353893
41.500000 0.353893
41.750000 0.353893
42.000000 0.353893
42.250000 0.353893
42.500000 0.353893
42.750000 0.353893
43.000000 0.353893
43.250000 0.353893
43.500000 0.353893
43.750000 0.353893
44.000000 0.353893
44.250000 0.353893
44.500000 0.353893
44.750000 0.353893
45.000000 0.353893
45.250000 0.353893
45.500000 0.353893
45.750000 0.353893
46.000000 0.353893
46.250000 0.353893
46.500000 0.353893
46.750000 0.353893
47.000000 0.353893
47.250000 0.353893
47.500000 0.353893
47.750000 0.353893
48.000000 0.353893
48.250000 0.353893
48.500000 0.353893
48.750000 0.353893
49.000000 0.353893
49.250000 0.353893
49.500000 0.353893
49.750000 0.353893
50.000000 0.353893
50.250000 0.353893
50.500000 0.353893
50.750000 0.353893
51.000000 0.353893
51.250000 0.353893
51.500000 0.353893
51.750000 0.353893
52.000000 0.353893
52.250000 0.353893
52.500000 0.353893
52.750000 0.353893
53.000000 0.353893
53.250000 0.353893
53.500000 0.353893
53.750000 0.353893
54.000000 0.353893
54.250000 0.353893
54.500000 0.353893
54.750000 0.353893
55.000000 0.353893
55.250000 0.353893
55.500000 0.353893
55.750000 0.353893
56.000000 0.353893
56.250000 0.353893
56.500000 0.353893
56.750000 0.353893
57.000000 0.353893
57.250000 0.353893
57.500000 0.353893
57.750000 0.353893
58.000000 0.353893
58.250000 0.353893
58.500000 0.353893
58.750000 0.353893
59.000000 0.353893
59.250000 0.353893
59.500000 0.353893
59.750000 0.353893
60.000000 0.353893
60.250000 0.353893
60.500000 0.353893
60.750000 0.353893
61.000000 0.353893
61.250000 0.353893
61.500000 0.353893
61.750000 0.353893
62.000000 0.353893
62.250000 0.353893
62.500000 0.353893
62.750000 0.353893
63.000000 0.353893
63.250000 0.353893
63.500000 0.353893
63.750000 0.353893
64.000000 0.353893
64.250000 0.353893
64.500000 0.353893
64.750000 0.353893
65.000000 0.353893
65.250000 0.353893
65.500000 0.353893
65.750000 0.353893
66.000000 0.353893
66.250000 0.353893
66.500000 0.353893
66.750000 0.353893
67.000000 0.353893
67.250000 0.353893
67.500000 0.353893
67.750000 0.353893
68.000000 0.353893
68.250000 0.353893
68.500000 0.353893
68.750000 0.353893
69.000000 0.353893
69.250000 0.353893
69.500000 0.353893
69.750000 0.353893
70.000000 0.353893
70.250000 0.353893
70.500000 0.353893
70.750000 0.353893
71.000000 0.353893
71.250000 0.353893
71.500000 0.353893
71.750000 0.353893
72.000000 0.353893
72.250000 0.353893
72.500000 0.353893
72.750000 0.353893
73.000000 0.353893
73.250000 0.353893
73.500000 0.353893
73.750000 0.353893
74.000000 0.353893
74.250000 0.353893
74.500000 0.353893
74.750000 0.353893
75.000000 0.353893
75.250000 0.353893
75.500000 0.353893
75.750000 0.353893
76.000000 0.353893
76.250000 0.353893
76.500000 0.353893
76.750000 0.353893
77.000000 0.353893
77.250000 0.353893
77.500000 0.353893
77.750000 0.353893
78.000000 0.353893
78.250000 0.353893
78.500000 0.353893
78.750000 0.353893
79.000000 0.353893
79.250000 0.353893
79.500000 0.353893
79.750000 0.353893
80.000000 0.353893
80.250000 0.353893
80.500000 0.353893
80.750000 0.353893
81.000000 0.353893
81.250000 0.353893
81.500000 0.353893
81.750000 0.353893
82.000000 0.353893
82.250000 0.353893
82.500000 0.353893
82.750000 0.353893
83.000000 0.353893
83.250000 0.353893
83.500000 0.353893
83.750000 0.353893
84.000000 0.353893
84.250000 0.353893
84.500000 0.353893
84.750000 0.353893
85.000000 0.353893
85.250000 0.353893
85.500000 0.353893
85.750000 0.353893
86.000000 0.353893
86.250000 0.353893
86.500000 0.353893
86.750000 0.353893
87.000000 0.353893
87.250000 0.353893
87.500000 0.353893
87.750000 0.353893
88.000000 0.353893
88.250000 0.353893
88.500000 0.353893
88.750000 0.353893
89.000000 0.353893
89.250000 0.353893
89.500000 0.353893
89.750000 0.353893
90.000000 0.353893
90.250000 0.353893
90.500000 0.353893
90.750000 0.353893
91.000000 0.353893
91.250000 0.353893
91.500000 0.353893
91.750000 0.353893
92.000000 0.353893
92.250000 0.353893
92.500000 0.353893
92.750000 0.353893
93.000000 0.353893
93.250000 0.353893
93.500000 0.353893
93.750000 0.353893
94.000000 0.353893
94.250000 0.353893
94.500000 0.353893
94.750000 0.353893
95.000000 0.353893
95.250000 0.353893
95.500000 0.353893
95.750000 0.353893
96.000000 0.353893
96.250000 0.353893
96.500000 0.353893
96.750000 0.353893
97.000000 0.353893
97.250000 0.353893
97.500000 0.353893
97.750000 0.353893
98.000000 0.353893
98.250000 0.353893
98.500000 0.353893
98.750000 0.353893
99.000000 0.353893
99.250000 0.353893
99.500000 0.353893
