0.000000 0.000000
0.250000 0.184853
0.500000 0.184853
0.750000 0.184853
1.000000 0.184853
1.250000 0.184853
1.500000 0.184853
1.750000 0.184853
2.000000 0.184853
2.250000 0.184853
2.500000 0.184853
2.750000 0.184853
3.000000 0.184853
3.250000 0.184853
3.500000 0.184853
3.750000 0.184853
4.000000 0.184853
4.250000 0.184853
4.500000 0.184853
4.750000 0.184853
5.000000 0.184853
5.250000 0.184853
5.500000 0.184853
5.750000 0.184853
6.000000 0.184853
6.250000 0.184853
6.500000 0.184853
6.750000 0.184853
7.000000 0.184853
7.250000 0.184853
7.500000 0.184853
7.750000 0.184853
8.000000 0.184853
8.250000 0.184853
8.500000 0.184853
8.750000 11.514136
9.000000 11.514136
9.250000 11.514136
9.500000 11.514136
9.750000 11.514136
10.000000 11.514136
10.250000 11.514136
10.500000 11.514136
10.750000 11.514136
11.000000 11.514136
11.250000 11.514136
11.500000 11.514136
11.750000 11.514136
12.000000 11.617888
12.250000 11.617888
12.500000 11.617888
12.750000 11.617888
13.000000 11.617888
13.250000 11.617888
13.500000 11.617888
13.750000 11.617888
14.000000 11.617888
14.250000 11.617888
14.500000 11.617888
14.750000 11.617888
15.000000 11.617888
15.250000 11.617888
15.500000 11.617888
15.750000 11.617888
16.000000 11.710313
16.250000 11.710313
16.500000 11.710313
16.750000 11.710313
17.000000 11.710313
17.250000 11.710313
17.500000 11.710313
17.750000 11.710313
18.000000 11.710313
18.250000 11.710313
18.500000 11.710313
18.750000 11.710313
19.000000 11.710313
19.250000 11.710313
19.500000 11.710313
19.750000 11.710313
20.000000 11.710313
20.250000 11.710313
20.500000 11.710313
20.750000 11.710313
21.000000 11.710313
21.250000 11.710313
21.500000 11.710313
21.750000 11.710313
22.000000 11.710313
22.250000 11.710313
22.500000 11.815394
22.750000 11.815394
