0.000000 0.000000
0.250000 0.119528
0.500000 0.119528
0.750000 0.119528
1.000000 0.119528
1.250000 0.119528
1.500000 0.119528
1.750000 0.119528
2.000000 0.119528
2.250000 0.119528
2.500000 0.119528
2.750000 0.119528
3.000000 0.119528
3.250000 0.119528
3.500000 0.119528
3.750000 0.119528
4.000000 0.119528
4.250000 0.119528
4.500000 0.119528
4.750000 0.119528
5.000000 0.119528
5.250000 0.119528
5.500000 0.119528
5.750000 0.119528
6.000000 0.119528
6.250000 0.119528
6.500000 0.119528
6.750000 0.119528
7.000000 0.119528
7.250000 0.119528
7.500000 0.119528
7.750000 0.119528
8.000000 0.119528
8.250000 0.119528
8.500000 0.119528
8.750000 0.119528
9.000000 0.119528
9.250000 0.119528
9.500000 0.119528
9.750000 0.119528
10.000000 0.119528
10.250000 0.119528
10.500000 0.119528
10.750000 0.119528
11.000000 0.119528
11.250000 0.119528
11.500000 0.119528
11.750000 0.119528
12.000000 0.119528
12.250000 0.119528
