0.145314 0.089287
6.515861 0.024365
6.723946 0.004485
16.900670 0.216865
17.192369 0.201565
17.509593 0.169481
17.880787 0.130572
18.284328 0.148097
18.632139 0.131064
19.029717 0.158595
19.410918 0.165897
19.765656 0.157793
20.082083 0.207565
20.439811 0.154153
20.849293 0.030140
21.147982 0.183355
21.495393 0.182883
21.871743 0.120129
22.268693 0.182284
22.657225 0.156460
23.037746 0.164803
23.383124 0.199131
23.744755 0.043454
24.134279 0.093814
24.672733 0.168438
25.108000 0.210968
25.476457 0.251212
25.782203 0.178743
26.209130 0.186967
26.580862 0.130975
27.045465 0.161404
27.430275 0.150757
27.765263 0.055254
28.069966 0.143735
28.590205 0.173712
29.063910 0.054913
29.475537 0.049375
31.047858 0.151643
31.396518 0.138185
31.741695 0.153335
32.117536 0.187853
32.468331 0.246377
32.756989 0.175870
33.131557 0.150524
33.481855 0.125149
33.829422 0.149077
34.145772 0.033474
35.876898 0.032302
37.163891 0.024624
38.824201 0.029950
40.915864 0.158956
41.267531 0.156844
41.609842 0.136615
41.962303 0.131634
42.314665 0.151157
42.669253 0.011047
47.960989 0.155191
48.318489 0.206907
48.676562 0.181411
49.059262 0.071956
49.934958 0.204198
50.298841 0.121602
50.583814 0.026456
52.901845 0.238494
53.448842 0.051800
53.962580 0.016135
57.391004 0.125073
57.750612 0.202343
58.112376 0.196649
58.495117 0.191617
58.879504 0.142498
59.264498 0.161795
59.620392 0.142841
60.036543 0.156199
60.440160 0.177600
60.829839 0.160827
61.232051 0.140193
61.575852 0.212514
61.958774 0.154856
62.353364 0.178074
62.786696 0.209478
63.157881 0.181696
63.520195 0.034349
65.333859 0.209608
65.762326 0.101976
66.138598 0.219763
66.354665 0.183886
66.805122 0.138933
67.210804 0.055277
68.756053 0.064744
70.001625 0.043165
