0.000000 0.000000
0.250000 0.175598
0.500000 0.175598
0.750000 0.175598
1.000000 0.175598
1.250000 0.175598
1.500000 1.212376
1.750000 0.495992
2.000000 0.495992
2.250000 0.495992
2.500000 0.495992
2.750000 0.495992
3.000000 0.495992
3.250000 0.495992
3.500000 0.495992
3.750000 0.495992
4.000000 0.495992
4.250000 0.495992
4.500000 0.495992
4.750000 0.495992
5.000000 0.495992
5.250000 0.495992
5.500000 0.495992
5.750000 0.495992
6.000000 0.495992
6.250000 0.495992
6.500000 0.495992
6.750000 0.495992
7.000000 0.495992
7.250000 0.495992
7.500000 0.495992
7.750000 0.495992
8.000000 0.495992
8.250000 0.495992
8.500000 0.495992
8.750000 0.495992
9.000000 0.495992
9.250000 0.495992
9.500000 0.495992
9.750000 0.495992
10.000000 0.495992
10.250000 0.495992
10.500000 0.495992
10.750000 0.495992
11.000000 0.495992
11.250000 0.495992
11.500000 0.495992
11.750000 0.495992
12.000000 0.495992
12.250000 0.495992
12.500000 0.495992
12.750000 0.495992
13.000000 0.495992
13.250000 0.495992
13.500000 0.495992
13.750000 0.495992
14.000000 0.495992
14.250000 0.495992
14.500000 0.495992
14.750000 0.495992
15.000000 0.495992
15.250000 0.495992
15.500000 0.495992
15.750000 0.495992
16.000000 0.495992
16.250000 0.495992
16.500000 0.495992
16.750000 0.495992
17.000000 0.495992
17.250000 0.495992
17.500000 0.495992
17.750000 0.495992
18.000000 0.495992
18.250000 0.495992
18.500000 0.495992
18.750000 0.495992
19.000000 0.495992
19.250000 0.495992
19.500000 0.495992
19.750000 0.495992
20.000000 0.495992
20.250000 0.495992
20.500000 0.495992
20.750000 0.495992
21.000000 0.495992
21.250000 0.495992
21.500000 0.495992
21.750000 0.495992
22.000000 0.495992
22.250000 0.495992
22.500000 0.495992
22.750000 0.495992
