0.000000 0.000000
0.250000 0.006695
0.500000 0.006695
0.750000 0.006695
1.000000 0.006695
1.250000 0.006695
1.500000 0.006695
1.750000 0.006695
2.000000 0.006695
2.250000 0.006695
2.500000 0.006695
2.750000 0.006695
3.000000 0.006695
3.250000 0.006695
3.500000 0.006695
3.750000 0.006695
4.000000 0.006695
4.250000 0.006695
4.500000 0.006695
4.750000 0.006695
5.000000 0.006695
5.250000 0.006695
5.500000 0.006695
5.750000 0.006695
6.000000 0.006695
6.250000 0.006695
6.500000 0.006695
6.750000 0.006695
7.000000 0.006695
7.250000 0.006695
7.500000 0.006695
7.750000 0.006695
8.000000 0.006695
8.250000 0.006695
8.500000 0.006695
8.750000 0.006695
9.000000 0.006695
9.250000 0.006695
9.500000 0.006695
9.750000 0.006695
10.000000 0.006695
10.250000 0.006695
10.500000 0.006695
10.750000 0.006695
11.000000 0.006695
11.250000 0.006695
11.500000 0.006695
11.750000 0.006695
12.000000 0.006695
12.250000 0.006695
12.500000 0.006695
12.750000 0.006695
13.000000 0.006695
13.250000 0.006695
13.500000 0.006695
13.750000 0.006695
14.000000 0.006695
14.250000 0.006695
14.500000 0.006695
14.750000 0.006695
15.000000 0.006695
15.250000 0.006695
15.500000 0.006695
15.750000 0.006695
16.000000 0.006695
16.250000 0.006695
16.500000 0.006695
16.750000 0.006695
17.000000 0.006695
17.250000 0.006695
17.500000 0.006695
17.750000 0.006695
18.000000 0.006695
18.250000 0.006695
18.500000 0.006695
18.750000 0.006695
19.000000 0.006695
21.000000 0.006695
21.250000 0.006695
21.500000 0.006695
21.750000 0.006695
22.000000 0.006695
22.250000 0.006695
22.500000 0.006695
22.750000 0.006695
23.000000 0.006695
23.250000 0.006695
23.500000 0.006695
23.750000 0.006695
24.000000 0.006695
24.250000 0.006695
24.500000 0.006695
24.750000 0.006695
25.000000 0.006695
25.250000 0.006695
25.500000 0.006695
25.750000 0.006695
26.000000 0.006695
26.250000 0.006695
26.500000 0.006695
26.750000 0.006695
27.000000 0.006695
27.250000 0.006695
27.500000 0.006695
27.750000 0.006695
28.000000 0.006695
28.250000 0.006695
28.500000 0.006695
28.750000 0.006695
29.000000 0.006695
29.250000 0.006695
29.500000 0.006695
29.750000 0.006695
30.000000 0.006695
30.250000 0.006695
30.500000 0.006695
30.750000 0.006695
31.000000 0.006695
31.250000 0.006695
31.500000 0.006695
31.750000 0.006695
32.000000 0.006695
32.250000 0.006695
32.500000 0.006695
32.750000 0.006695
33.000000 0.006695
33.250000 0.006695
33.500000 0.006695
33.750000 0.006695
34.000000 0.006695
