0.000000 0.000000
0.250000 0.141596
0.500000 0.141596
0.750000 0.141596
1.000000 0.141596
1.250000 0.141596
1.500000 0.141596
1.750000 3.794564
2.000000 0.235494
2.250000 0.235494
2.500000 0.235494
2.750000 0.235494
3.000000 0.235494
3.250000 0.235494
3.500000 0.235494
3.750000 0.235494
4.000000 0.235494
4.250000 0.235494
4.500000 0.235494
4.750000 0.235494
5.000000 0.235494
5.250000 0.235494
5.500000 0.235494
5.750000 0.235494
6.000000 0.235494
6.250000 0.235494
6.500000 0.235494
6.750000 0.235494
7.000000 0.235494
7.250000 0.235494
7.500000 0.235494
7.750000 0.235494
8.000000 0.235494
8.250000 0.235494
8.500000 0.235494
8.750000 0.235494
9.000000 0.235494
9.250000 0.235494
9.500000 0.235494
9.750000 0.235494
10.000000 0.235494
10.250000 0.235494
10.500000 0.235494
10.750000 0.235494
11.000000 0.235494
11.250000 0.235494
11.500000 0.235494
11.750000 0.235494
12.000000 0.235494
12.250000 0.235494
12.500000 0.235494
12.750000 0.235494
13.000000 0.235494
13.250000 0.235494
13.500000 0.235494
13.750000 0.235494
14.000000 0.235494
14.250000 0.235494
14.500000 0.235494
14.750000 0.235494
15.000000 0.235494
15.250000 0.235494
15.500000 0.235494
15.750000 0.235494
16.000000 0.235494
16.250000 0.235494
16.500000 0.235494
16.750000 0.235494
17.000000 0.235494
17.250000 0.235494
17.500000 0.235494
17.750000 0.235494
18.000000 0.235494
18.250000 0.235494
18.500000 0.235494
18.750000 0.235494
19.000000 0.235494
19.250000 0.995006
19.500000 0.995006
19.750000 0.995006
20.000000 0.995006
20.250000 1.047722
20.500000 1.047722
20.750000 1.047722
21.000000 1.047722
21.250000 1.047722
21.500000 1.047722
21.750000 1.047722
22.000000 1.047722
22.250000 1.047722
22.500000 1.047722
22.750000 1.047722
23.000000 1.047722
23.250000 1.047722
23.500000 1.047722
23.750000 1.047722
24.000000 1.047722
24.250000 1.047722
24.500000 1.047722
24.750000 1.047722
25.000000 1.047722
25.250000 1.047722
25.500000 1.047722
25.750000 1.047722
26.000000 1.047722
26.250000 1.047722
26.500000 1.047722
26.750000 1.047722
27.000000 1.047722
27.250000 1.047722
27.500000 1.047722
27.750000 1.047722
28.000000 1.047722
28.250000 1.047722
28.500000 1.047722
28.750000 1.047722
29.000000 1.047722
29.250000 1.047722
29.500000 1.047722
29.750000 1.047722
30.000000 1.047722
30.250000 1.047722
30.500000 4.461929
30.750000 1.621108
31.000000 1.621108
