0.012276 0.000000
6.521908 0.000000
6.731925 0.000000
16.898679 30.034343
17.195189 30.789641
17.510207 30.715467
17.861110 30.099309
18.284892 30.113163
18.629355 30.128167
19.038095 30.143171
19.414707 30.306640
19.773375 30.937071
20.088781 30.362490
20.445760 30.988819
20.865094 30.263546
21.153885 31.017677
21.500650 31.032681
21.876834 30.308558
22.259769 30.323563
22.660076 30.338567
23.044103 31.092698
23.389226 31.107702
23.766698 30.383579
24.135178 30.398583
24.674509 30.412437
25.106975 31.166569
25.483918 31.180423
25.788482 31.194277
26.209349 30.470154
26.581534 30.484008
27.051049 30.497862
27.437700 30.512866
27.760392 30.526720
28.077710 30.541724
28.594964 30.563720
29.038521 30.577574
29.472131 30.608822
31.057045 33.208047
31.397110 33.223116
31.747798 33.238185
32.127952 33.253254
32.475864 33.268323
32.761188 33.283392
33.137638 33.298461
33.483280 33.313530
33.837256 33.328599
34.139342 33.343668
35.883649 35.971386
37.171277 39.866732
38.832688 39.199189
40.908776 48.756169
41.271656 46.834051
41.628420 46.109928
41.952396 46.864059
42.321910 46.139936
42.673032 46.154941
47.953073 95.341765
48.332744 95.356770
48.683067 95.371839
49.062699 95.386908
49.941382 95.829918
50.314335 95.844922
50.568941 95.859991
52.904027 99.757067
53.454127 99.771659
53.959586 99.786663
57.394555 103.865917
57.754584 103.880986
58.120637 103.896055
58.500509 104.638928
58.887274 103.930308
59.269744 103.945377
59.627980 103.960446
60.030372 104.110882
60.440985 104.015388
60.837616 104.030457
61.238532 104.045565
61.586039 104.060672
61.966642 104.075676
62.356922 104.090745
62.773972 104.105814
63.163690 104.120818
63.527196 104.135887
65.340332 106.361599
65.768207 106.376668
66.135692 106.391737
66.357834 107.145933
66.814367 106.421875
67.216276 106.436944
68.761800 111.435098
70.007422 108.647792
72.024462 112.043299
