0.000000 0.000000
0.250000 0.132195
0.500000 0.132195
0.750000 0.132195
1.000000 0.132195
1.250000 0.132195
1.500000 0.132195
1.750000 0.132195
2.000000 0.132195
2.250000 0.132195
2.500000 0.132195
2.750000 0.132195
3.000000 0.132195
3.250000 0.132195
3.500000 0.132195
3.750000 0.132195
4.000000 0.132195
4.250000 0.132195
4.500000 0.132195
4.750000 0.132195
5.000000 0.132195
5.250000 0.132195
5.500000 0.132195
5.750000 0.132195
6.000000 0.132195
6.250000 0.132195
6.500000 0.132195
6.750000 0.132195
7.000000 0.132195
7.250000 0.132195
7.500000 0.132195
7.750000 0.132195
8.000000 0.132195
8.250000 0.132195
8.500000 0.132195
8.750000 0.132195
9.000000 0.132195
9.250000 0.132195
9.500000 0.132195
9.750000 0.132195
10.000000 0.132195
10.250000 0.132195
10.500000 0.132195
10.750000 0.132195
11.000000 0.132195
11.250000 0.132195
11.500000 0.132195
11.750000 0.132195
12.000000 0.132195
12.250000 0.132195
