0.296978 0.000000
1.888317 0.645558
3.886826 0.156886
5.892064 0.120991
7.886186 0.120991
9.889737 0.120991
11.884664 0.120991
13.895109 0.412652
15.886925 0.412652
17.889037 0.412652
19.888360 0.412652
21.894884 6.226199
23.894026 1.843573
25.895828 11.371024
27.892092 7.675546
29.904424 0.527854
31.896563 6.596180
33.894119 0.732786
35.889292 3.186261
37.897261 10.922402
39.894672 1.590232
41.894071 5.663170
43.898353 0.490819
45.892275 0.515117
47.900431 0.525774
49.897558 0.522113
51.905273 0.599365
53.897796 0.599365
56.692513 0.599365
57.899020 0.590581
59.900021 0.668894
61.898352 0.708348
63.898507 0.756006
65.906999 0.756006
67.883103 7.520531
69.901850 0.852008
71.895236 0.879225
73.904779 0.902192
75.898416 0.955149
77.902978 0.970511
79.916485 1.015285
81.888010 0.998867
83.908633 0.998867
85.902746 0.998867
87.887182 0.998867
89.907401 0.998867
91.904333 0.998867
93.904310 0.998867
95.902345 0.998867
97.905956 0.998867
99.908227 0.998867
101.902903 0.998867
103.890987 0.998867
105.912121 0.998867
107.909954 0.998867
109.907932 0.998867
111.895186 0.998867
113.902172 0.998867
115.908164 0.998867
117.893582 0.998867
119.910019 0.998867
121.914913 0.998867
123.909936 0.998867
125.908706 0.998867
127.910895 0.998867
129.900203 0.998867
131.910583 0.998867
133.912521 0.998867
135.911227 0.998867
137.909645 0.998867
139.911583 0.998867
141.914093 0.998867
143.914034 0.998867
145.914184 0.998867
147.913820 0.998867
149.903203 0.998867
151.915765 0.998867
153.923961 0.998867
155.919837 0.998867
157.919138 0.998867
159.922019 0.998867
161.929054 0.998867
163.924860 0.998867
165.927447 0.998867
167.927908 0.998867
169.924999 0.998867
171.931998 0.998867
173.932791 0.998867
175.925979 0.998867
177.922902 0.998867
179.931375 0.998867
181.933216 0.998867
183.931170 0.998867
185.932040 0.998867
187.930619 0.998867
189.933762 0.998867
191.922329 0.998867
193.929768 0.998867
195.928003 0.998867
197.930290 0.998867
199.936715 0.998867
201.934254 0.998867
203.934047 0.998867
205.934103 0.998867
207.922900 0.998867
209.943037 0.998867
211.942121 0.998867
213.944348 0.998867
215.947626 0.998867
217.943408 0.998867
219.947458 0.998867
221.948910 0.998867
223.947221 0.998867
225.946479 0.998867
227.945297 0.998867
229.948201 0.998867
231.950320 0.998867
233.948678 0.998867
235.949166 0.998867
237.946471 0.998867
239.948943 0.998867
241.952106 0.998867
243.955987 0.998867
245.956209 0.998867
247.954270 0.998867
249.950839 0.998867
251.950431 0.998867
253.937050 0.998867
255.955396 0.998867
257.952743 0.998867
259.942938 0.998867
261.949907 0.998867
263.953998 0.998867
265.939127 0.998867
267.956383 0.998867
269.954661 0.998867
271.955997 0.998867
273.951404 0.998867
275.958022 0.998867
277.956578 0.998867
279.958855 0.998867
281.955732 0.998867
283.958356 0.998867
285.956344 0.998867
287.945089 0.998867
289.957060 0.998867
291.960424 0.998867
293.960415 0.998867
295.959811 0.998867
297.954747 0.998867
299.959275 0.998867
301.957865 0.998867
303.962719 0.998867
305.964987 0.998867
307.954001 0.998867
309.965001 0.998867
311.948943 0.998867
313.961609 0.998867
315.962357 0.998867
317.966665 0.998867
319.966633 0.998867
321.967070 0.998867
323.973176 0.998867
325.968097 0.998867
327.960816 0.998867
329.967104 0.998867
332.485256 0.998867
333.979909 0.998867
335.995209 0.998867
337.985015 0.998867
