0.000000 0.000000
0.250000 0.097776
0.500000 0.097776
0.750000 0.097776
1.000000 0.097776
1.250000 0.097776
1.500000 0.097776
1.750000 0.097776
2.000000 0.097776
2.250000 0.097776
2.500000 0.097776
2.750000 0.097776
3.000000 0.097776
3.250000 0.097776
3.500000 0.097776
3.750000 0.097776
4.000000 0.097776
4.250000 0.097776
4.500000 0.097776
4.750000 0.097776
5.000000 0.097776
5.250000 0.097776
5.500000 0.097776
5.750000 0.097776
6.000000 0.097776
6.250000 0.097776
6.500000 0.097776
6.750000 0.097776
7.000000 0.097776
7.250000 0.097776
7.500000 0.097776
7.750000 0.097776
8.000000 0.097776
8.250000 0.097776
8.500000 0.097776
8.750000 0.097776
9.000000 0.097776
9.250000 0.097776
9.500000 0.097776
9.750000 0.097776
10.000000 0.097776
10.250000 0.097776
10.500000 0.097776
10.750000 0.097776
11.000000 0.097776
11.250000 0.097776
11.500000 0.097776
11.750000 0.097776
12.000000 0.097776
12.250000 0.097776
12.500000 0.097776
12.750000 0.097776
13.000000 0.097776
13.250000 0.097776
13.500000 0.097776
13.750000 0.097776
14.000000 0.097776
14.250000 0.097776
14.500000 0.097776
14.750000 0.097776
15.000000 0.097776
15.250000 0.097776
15.500000 0.097776
15.750000 0.097776
16.000000 0.097776
16.250000 0.097776
16.500000 0.097776
16.750000 0.097776
17.000000 0.097776
17.250000 0.097776
17.500000 0.097776
17.750000 0.097776
18.000000 0.097776
18.250000 0.097776
18.500000 0.097776
18.750000 0.097776
19.000000 0.097776
19.250000 0.097776
19.500000 0.097776
19.750000 0.097776
20.000000 0.097776
20.250000 0.097776
20.500000 0.097776
20.750000 0.097776
21.000000 0.097776
21.250000 0.097776
21.500000 0.097776
21.750000 0.097776
22.000000 0.097776
22.250000 0.097776
