0.000000 0.000000
0.250000 0.000000
0.500000 0.000000
0.750000 0.000000
1.000000 0.000000
1.250000 0.000000
1.500000 0.000000
1.750000 0.000000
2.000000 0.000000
2.250000 0.000000
2.500000 8.513062
2.750000 0.000000
3.000000 0.000000
3.250000 1.395374
3.500000 8.817953
3.750000 7.218052
4.000000 7.309635
4.250000 0.000000
4.500000 0.000000
4.750000 1.566778
5.000000 0.000000
5.250000 0.000000
5.500000 2.330846
5.750000 0.000000
6.000000 0.000000
6.250000 0.000000
6.500000 1.871482
6.750000 10.444972
7.000000 14.791620
7.250000 0.000000
7.500000 0.000000
7.750000 0.000000
8.000000 3.644454
8.250000 0.000000
8.500000 4.757069
8.750000 0.000000
9.000000 0.000000
9.250000 0.000000
9.500000 6.300868
9.750000 0.000000
10.000000 4.896079
10.250000 0.000000
10.500000 0.000000
10.750000 0.000000
11.000000 8.729825
11.250000 0.000000
11.500000 1.997652
11.750000 0.000000
12.000000 0.000000
12.250000 4.573342
