0.033027 0.000000
6.530328 0.000000
6.724796 0.000000
16.895776 0.000000
17.188458 0.000000
17.504434 0.000000
17.865169 0.000000
18.275368 0.000000
18.623271 0.000000
19.029053 0.000000
19.404760 0.000000
19.759465 0.000000
20.071152 0.000000
20.441451 0.000000
20.845397 0.000000
21.147393 0.000000
21.492446 0.000000
21.870082 0.000000
22.269602 0.000000
22.650575 0.000000
23.033075 0.000000
23.380500 0.000000
23.740753 0.000000
24.138609 0.000000
24.670224 3.233868
25.105262 10.293499
25.479676 4.947944
25.786628 15.504703
26.207595 11.972806
26.572684 10.918747
27.041067 23.549741
27.430552 28.362407
27.751909 26.229620
28.066490 24.751307
28.586610 28.444901
29.032558 25.015103
29.465048 25.015103
31.053107 25.015103
31.390489 25.015103
31.741348 25.015103
32.131278 25.015103
32.457301 25.015103
32.758989 25.015103
33.133409 25.015103
33.481244 25.015103
33.823305 25.015103
34.143132 25.015103
35.873331 25.015103
37.155646 25.015103
38.824999 25.015103
40.910108 25.015103
41.257718 25.015103
41.607851 25.015103
41.950912 25.015103
42.301324 25.015103
42.668315 25.015103
47.946912 25.015103
48.314352 25.015103
48.669291 25.015103
49.054894 25.015103
49.928909 25.015103
50.293617 25.015103
50.571581 25.015103
52.896706 25.015103
53.402044 25.015103
53.957605 25.015103
57.384106 25.015103
57.745308 25.015103
58.110580 25.015103
58.496587 25.015103
58.876514 25.015103
59.256412 25.015103
59.621322 25.015103
60.027247 25.015103
60.428081 25.015103
60.824882 25.015103
61.225370 25.015103
61.574311 25.015103
61.955221 25.015103
62.349539 25.015103
62.809454 25.015103
63.153753 25.015103
63.518225 25.015103
65.337711 25.015103
65.762479 25.015103
66.124121 25.015103
66.350371 25.015103
66.801321 25.015103
67.209270 25.015103
68.751503 25.015103
70.022279 25.015103
72.008259 25.015103
