0.097437 0.000000
6.526164 0.186290
6.740469 0.186290
16.900469 0.186290
17.204551 0.186290
17.505060 0.186290
17.873212 0.186290
18.285283 0.186290
18.635884 0.186290
19.038297 0.186290
19.414917 0.186290
19.770528 0.186290
20.081901 0.186290
20.447054 0.186290
20.866969 0.186290
21.152771 0.186290
21.505457 0.186290
21.875976 0.186290
22.262932 0.186290
22.661279 0.186290
23.044113 0.186290
23.386950 0.186290
23.768308 0.186290
24.144419 0.186290
24.681852 0.186290
25.112031 0.186290
25.480532 0.186290
25.790622 0.186290
26.209202 0.186290
26.578794 0.186290
27.046233 0.186290
27.442172 0.186290
27.760923 0.186290
28.078873 0.186290
28.595830 0.186290
29.040275 0.186290
29.478133 0.186290
31.048106 0.186290
31.391878 0.186290
31.752141 0.186290
32.123293 0.186290
32.469974 0.186290
32.763006 0.186290
33.135118 0.186290
33.484775 0.186290
33.831752 0.186290
34.146819 0.186290
35.874729 0.186290
37.173440 0.186290
38.842850 0.186290
40.918058 0.186290
41.270915 0.186290
41.618040 0.186290
41.957509 0.186290
42.312039 0.186290
42.680866 0.186290
47.958610 0.186290
48.326374 0.186290
48.683714 0.186290
49.064292 0.186290
49.937737 0.186290
50.298966 0.186290
50.579336 0.186290
52.910482 0.186290
53.409146 0.186290
53.959933 0.186290
57.385500 0.186290
57.757817 0.186290
58.118266 0.186290
58.506384 0.186290
58.883390 0.186290
59.264454 0.186290
59.627925 0.186290
60.042085 0.186290
60.434094 0.186290
60.827182 0.186290
61.236308 0.186290
61.578355 0.186290
61.962752 0.186290
62.359562 0.186290
62.774113 0.186290
63.159329 0.186290
63.526290 0.186290
65.332656 0.186290
65.768556 0.186290
66.124512 0.186290
66.356054 0.186290
66.807103 0.186290
67.212102 0.186290
68.765852 0.186290
70.004831 0.186290
72.046150 0.186290
