0.000000 0.000000
0.250000 0.097950
0.500000 0.097950
0.750000 0.097950
1.000000 0.097950
1.250000 0.097950
1.500000 0.097950
1.750000 0.097950
2.000000 1.057048
2.250000 1.057048
2.500000 0.217324
2.750000 0.217324
3.000000 0.217324
3.250000 0.217324
3.500000 0.217324
3.750000 0.217324
4.000000 0.217324
4.250000 0.217324
4.500000 0.217324
4.750000 0.217324
5.000000 0.217324
5.250000 0.217324
5.500000 0.217324
5.750000 0.217324
6.000000 0.217324
6.250000 0.217324
6.500000 0.217324
6.750000 0.217324
7.000000 0.217324
7.250000 0.217324
7.500000 0.217324
7.750000 0.217324
8.000000 0.217324
8.250000 0.217324
8.500000 0.217324
8.750000 0.217324
9.000000 0.217324
9.250000 0.217324
9.500000 0.217324
