0.000000 0.000000
0.250000 0.014187
0.500000 0.014187
0.750000 0.014187
1.000000 0.014187
1.250000 0.014187
1.500000 0.014187
1.750000 0.014187
2.000000 0.014187
2.250000 0.014187
2.500000 0.014187
2.750000 0.014187
3.000000 0.014187
3.250000 0.014187
3.500000 0.014187
3.750000 0.014187
4.000000 0.014187
4.250000 0.014187
4.500000 0.014187
4.750000 0.014187
5.000000 0.014187
5.250000 0.014187
5.500000 0.014187
5.750000 0.014187
6.000000 0.014187
6.250000 0.014187
6.500000 0.014187
6.750000 0.014187
7.000000 0.014187
7.250000 0.014187
7.500000 0.014187
7.750000 0.014187
8.000000 0.014187
8.250000 0.014187
8.500000 0.014187
8.750000 0.014187
9.000000 0.014187
9.250000 0.014187
9.500000 0.014187
9.750000 0.014187
10.000000 0.014187
10.250000 0.014187
10.500000 0.014187
10.750000 0.014187
11.000000 0.014187
11.250000 0.014187
11.500000 0.014187
11.750000 0.014187
12.000000 0.014187
12.250000 0.014187
12.500000 0.014187
12.750000 0.014187
13.000000 0.014187
13.250000 0.014187
13.500000 0.014187
13.750000 0.014187
14.000000 0.014187
14.250000 0.014187
14.500000 0.014187
14.750000 0.014187
15.000000 0.014187
15.250000 0.014187
15.500000 0.014187
15.750000 0.014187
16.000000 0.014187
16.250000 0.014187
16.500000 0.014187
16.750000 0.014187
17.000000 0.014187
17.250000 0.014187
17.500000 0.014187
17.750000 0.014187
18.000000 0.014187
18.250000 0.014187
18.500000 0.014187
18.750000 0.014187
19.000000 0.014187
19.250000 0.014187
19.500000 0.014187
19.750000 0.014187
20.000000 0.014187
20.250000 0.014187
20.500000 0.014187
20.750000 0.014187
21.000000 0.014187
21.250000 0.014187
21.500000 0.014187
21.750000 0.014187
22.000000 0.014187
22.250000 0.014187
22.500000 0.014187
22.750000 0.014187
23.000000 0.014187
23.250000 0.014187
23.500000 0.014187
23.750000 0.014187
24.000000 0.014187
24.250000 0.014187
24.500000 0.014187
24.750000 0.014187
25.000000 0.014187
25.250000 0.014187
25.500000 0.014187
25.750000 0.019947
26.000000 0.030955
26.250000 0.037522
26.500000 0.037522
26.750000 0.037522
27.000000 0.037522
27.250000 0.054485
27.500000 0.054485
27.750000 0.054485
28.000000 0.054485
28.250000 0.054485
28.500000 0.054485
28.750000 0.054485
29.000000 0.054485
29.250000 0.054485
29.500000 0.054485
29.750000 0.054485
30.000000 0.054485
30.250000 0.054485
30.500000 0.054485
30.750000 0.054485
31.000000 0.054485
31.250000 0.054485
31.500000 0.054485
31.750000 0.054485
32.000000 0.054485
32.250000 0.054485
32.500000 0.054485
32.750000 0.054485
33.000000 0.054485
33.250000 0.054485
33.500000 0.054485
33.750000 0.054485
34.000000 0.054485
34.250000 0.054485
34.500000 0.054485
34.750000 0.054485
35.000000 0.054485
35.250000 0.054485
35.500000 0.054485
35.750000 0.054485
36.000000 0.054485
36.250000 0.054485
36.500000 0.054485
36.750000 0.054485
37.000000 0.054485
37.250000 0.054485
37.500000 0.054485
37.750000 0.054485
38.000000 0.054485
38.250000 0.054485
38.500000 0.054485
38.750000 0.054485
39.000000 0.054485
39.250000 0.054485
39.500000 0.054485
39.750000 0.054485
40.000000 0.054485
40.250000 0.054485
40.500000 0.054485
40.750000 0.054485
41.000000 0.054485
41.250000 0.054485
41.500000 0.054485
41.750000 0.054485
42.000000 0.054485
42.250000 0.054485
42.500000 0.054485
42.750000 0.054485
43.000000 0.054485
43.250000 0.054485
43.500000 0.054485
43.750000 0.054485
44.000000 0.054485
44.250000 0.054485
44.500000 0.054485
44.750000 0.054485
45.000000 0.054485
45.250000 0.054485
45.500000 0.054485
45.750000 0.054485
46.000000 0.054485
46.250000 0.054485
46.500000 0.054485
46.750000 0.054485
47.000000 0.054485
47.250000 0.054485
47.500000 0.054485
47.750000 0.054485
48.000000 0.054485
48.250000 0.054485
48.500000 0.054485
48.750000 0.054485
49.000000 0.054485
49.250000 0.054485
49.500000 0.054485
49.750000 0.054485
50.000000 0.054485
50.250000 0.054485
50.500000 0.054485
50.750000 0.054485
51.000000 0.054485
51.250000 0.054485
51.500000 0.054485
51.750000 0.054485
52.000000 0.054485
52.250000 0.054485
52.500000 0.054485
52.750000 0.054485
53.000000 0.054485
53.250000 0.054485
53.500000 0.054485
53.750000 0.054485
54.000000 0.054485
54.250000 0.054485
54.500000 0.054485
54.750000 0.054485
55.000000 0.054485
55.250000 0.054485
55.500000 0.054485
55.750000 0.054485
56.000000 0.054485
56.250000 0.054485
56.500000 0.054485
56.750000 0.054485
57.000000 0.054485
57.250000 0.054485
57.500000 0.054485
57.750000 0.054485
58.000000 0.054485
58.250000 0.054485
58.500000 0.054485
58.750000 0.054485
59.000000 0.054485
59.250000 0.054485
59.500000 0.054485
59.750000 0.054485
60.000000 0.054485
60.250000 0.054485
60.500000 0.054485
60.750000 0.054485
61.000000 0.054485
61.250000 0.054485
61.500000 0.054485
61.750000 0.054485
62.000000 0.054485
62.250000 0.054485
62.500000 0.054485
62.750000 0.054485
63.000000 0.054485
63.250000 0.054485
63.500000 0.054485
63.750000 0.054485
64.000000 0.054485
64.250000 0.054485
64.500000 0.054485
64.750000 0.054485
65.000000 0.054485
65.250000 0.054485
65.500000 0.054485
65.750000 0.054485
66.000000 0.054485
66.250000 0.054485
66.500000 0.054485
66.750000 0.054485
67.000000 0.054485
67.250000 0.054485
67.500000 0.054485
67.750000 0.054485
68.000000 0.054485
68.250000 0.054485
68.500000 0.054485
68.750000 0.054485
69.000000 0.054485
69.250000 0.054485
69.500000 0.054485
69.750000 0.054485
70.000000 0.054485
70.250000 0.054485
70.500000 0.054485
70.750000 0.054485
71.000000 0.054485
71.250000 0.054485
71.500000 0.054485
71.750000 0.054485
72.000000 0.054485
72.250000 0.054485
72.500000 0.054485
72.750000 0.054485
73.000000 0.054485
73.250000 0.054485
73.500000 0.054485
73.750000 0.054485
74.000000 0.054485
74.250000 0.054485
74.500000 0.054485
74.750000 0.054485
75.000000 0.054485
75.250000 0.054485
75.500000 0.054485
75.750000 0.054485
76.000000 0.054485
76.250000 0.054485
76.500000 0.054485
76.750000 0.054485
77.000000 0.054485
77.250000 0.054485
77.500000 0.054485
77.750000 0.054485
78.000000 0.054485
78.250000 0.054485
78.500000 0.054485
78.750000 0.054485
79.000000 0.054485
79.250000 0.054485
79.500000 0.054485
79.750000 0.054485
80.000000 0.054485
80.250000 0.054485
80.500000 0.054485
80.750000 0.054485
81.000000 0.054485
81.250000 0.054485
81.500000 0.054485
81.750000 0.054485
82.000000 0.054485
82.250000 0.054485
82.500000 0.054485
82.750000 0.054485
83.000000 0.054485
83.250000 0.054485
83.500000 0.054485
83.750000 0.054485
84.000000 0.054485
84.250000 0.054485
84.500000 0.054485
84.750000 0.054485
85.000000 0.054485
85.250000 0.054485
85.500000 0.054485
85.750000 0.054485
86.000000 0.054485
86.250000 0.054485
86.500000 0.054485
86.750000 0.054485
87.000000 0.054485
87.250000 0.054485
87.500000 0.054485
87.750000 0.054485
88.000000 0.054485
88.250000 0.054485
88.500000 0.054485
88.750000 0.054485
89.000000 0.054485
89.250000 0.054485
89.500000 0.054485
89.750000 0.054485
90.000000 0.054485
90.250000 0.054485
90.500000 0.054485
90.750000 0.054485
91.000000 0.054485
91.250000 0.054485
91.500000 0.054485
91.750000 0.054485
92.000000 0.054485
92.250000 0.054485
92.500000 0.054485
92.750000 0.054485
93.000000 0.054485
93.250000 0.054485
93.500000 0.054485
93.750000 0.054485
94.000000 0.054485
94.250000 0.054485
94.500000 0.054485
94.750000 0.054485
95.000000 0.054485
95.250000 0.054485
95.500000 0.054485
95.750000 0.054485
96.000000 0.054485
96.250000 0.054485
96.500000 0.054485
96.750000 0.054485
97.000000 0.054485
97.250000 0.054485
97.500000 0.054485
97.750000 0.054485
98.000000 0.054485
98.250000 0.054485
98.500000 0.054485
98.750000 0.054485
99.000000 0.054485
99.250000 0.054485
99.500000 0.054485
