0.000000 0.000000
0.250000 0.124861
0.500000 0.124861
0.750000 0.124861
1.000000 0.124861
1.250000 0.124861
1.500000 0.124861
1.750000 0.124861
2.000000 0.124861
2.250000 0.124861
2.500000 0.124861
2.750000 0.124861
3.000000 0.124861
3.250000 0.124861
3.500000 0.124861
3.750000 0.124861
4.000000 0.124861
4.250000 0.124861
4.500000 0.124861
4.750000 0.124861
5.000000 0.124861
5.250000 0.124861
5.500000 0.124861
5.750000 0.124861
6.000000 0.124861
6.250000 0.124861
6.500000 0.124861
6.750000 0.124861
7.000000 0.124861
7.250000 0.124861
7.500000 0.124861
7.750000 0.124861
8.000000 0.124861
8.250000 0.124861
8.500000 0.124861
8.750000 0.124861
9.000000 0.124861
9.250000 0.124861
9.500000 0.124861
9.750000 0.124861
10.000000 0.124861
10.250000 0.124861
10.500000 0.124861
10.750000 0.124861
11.000000 0.124861
11.250000 0.124861
11.500000 0.124861
11.750000 0.124861
12.000000 0.124861
12.250000 0.124861
