0.000000 0.000000
0.250000 0.137505
0.500000 0.137505
0.750000 0.137505
1.000000 0.137505
1.250000 0.137505
1.500000 0.137505
1.750000 0.137505
2.000000 0.137505
2.250000 0.137505
2.500000 0.137505
2.750000 0.137505
3.000000 0.137505
3.250000 0.137505
3.500000 0.137505
3.750000 0.137505
4.000000 0.137505
4.250000 0.137505
4.500000 0.137505
4.750000 0.137505
5.000000 0.137505
5.250000 0.137505
5.500000 0.137505
5.750000 0.137505
6.000000 0.137505
6.250000 0.137505
6.500000 0.137505
6.750000 0.137505
7.000000 0.137505
7.250000 0.137505
7.500000 0.137505
7.750000 0.137505
8.000000 0.137505
8.250000 0.137505
8.500000 0.137505
8.750000 0.137505
9.000000 0.137505
9.250000 0.137505
9.500000 0.137505
9.750000 0.137505
10.000000 0.137505
10.250000 0.137505
10.500000 0.137505
10.750000 0.137505
11.000000 0.137505
11.250000 0.137505
11.500000 0.137505
11.750000 0.137505
12.000000 0.224594
12.250000 0.224594
12.500000 0.224594
12.750000 0.224594
13.000000 0.224594
13.250000 0.224594
13.500000 0.224594
13.750000 0.224594
14.000000 0.224594
14.250000 0.224594
14.500000 0.224594
14.750000 0.224594
15.000000 0.224594
15.250000 0.224594
15.500000 0.224594
15.750000 0.224594
16.000000 0.224594
16.250000 0.224594
16.500000 0.224594
16.750000 0.224594
17.000000 0.224594
17.250000 0.224594
17.500000 0.224594
17.750000 0.224594
18.000000 0.224594
18.250000 0.224594
18.500000 0.224594
18.750000 0.224594
19.000000 0.224594
19.250000 0.224594
19.500000 0.224594
19.750000 0.224594
20.000000 0.224594
20.250000 0.224594
20.500000 0.224594
20.750000 0.224594
21.000000 0.224594
21.250000 0.224594
21.500000 0.224594
21.750000 0.224594
22.000000 0.224594
22.250000 0.224594
22.500000 0.224594
22.750000 0.224594
