1.805227 0.000000
1.872903 0.671143
3.876244 0.154029
5.876366 0.098091
7.878548 0.098091
9.876049 0.098091
11.881500 0.098091
13.881342 0.098091
15.895700 0.098091
17.884698 0.098091
19.876017 0.098091
21.878525 0.098091
23.882760 0.098091
25.887886 0.098091
27.877207 0.098091
29.884518 0.098091
31.879642 0.098091
33.880929 0.098091
35.878504 0.098091
37.882197 0.098091
39.879796 0.098091
41.879412 0.098091
43.882262 0.098091
45.885406 0.098091
47.882204 0.098091
49.884230 0.098091
51.883060 0.098091
53.881333 0.098091
55.890006 0.098091
57.883989 0.098091
59.882169 0.098091
61.882819 0.098091
63.885159 0.098091
65.887816 0.098091
67.887680 0.098091
69.885209 0.098091
71.892470 0.098091
73.884357 0.098091
75.884522 0.098091
77.888624 0.191944
79.887591 0.191944
81.893266 0.191944
83.893130 0.191944
85.888402 0.191944
87.887621 0.191944
89.891680 0.191944
91.890119 0.191944
93.890668 0.191944
95.892713 0.191944
97.891481 0.191944
99.891956 0.191944
101.892770 0.191944
103.894189 0.191944
105.893332 0.191944
107.894985 0.191944
109.894459 0.191944
111.894794 0.191944
113.898758 0.191944
115.894881 0.191944
117.898166 0.191944
119.897537 0.191944
121.900606 0.191944
123.896401 0.191944
125.896553 0.191944
127.899244 0.191944
129.898920 0.191944
131.899560 0.191944
133.898411 0.191944
135.898509 0.191944
137.897572 0.191944
139.899205 0.191944
141.901436 0.191944
143.900370 0.191944
145.901025 0.191944
147.901415 0.191944
149.901599 0.191944
151.903854 0.191944
153.910153 0.191944
155.905811 0.191944
157.905874 0.191944
159.906393 0.191944
161.912700 0.191944
163.909747 0.191944
165.913748 0.191944
167.916911 0.191944
169.917374 0.191944
171.915352 0.191944
173.916129 0.191944
175.915738 0.191944
177.927620 0.191944
179.916882 0.191944
181.919893 0.191944
183.917716 0.191944
185.917420 0.191944
187.918127 0.191944
189.919570 0.191944
191.922700 0.191944
193.918595 0.191944
195.919123 0.191944
197.920018 0.191944
199.920799 0.191944
201.922053 0.191944
203.925748 0.191944
205.924365 0.191944
207.930149 0.191944
209.929922 0.191944
211.929966 0.191944
213.930666 0.191944
215.934096 0.191944
217.930949 0.191944
219.933018 0.191944
221.932539 0.191944
223.933795 0.191944
225.933112 0.191944
227.933112 0.191944
229.933808 0.191944
231.933832 0.191944
233.935660 0.191944
235.937444 0.191944
237.935909 0.191944
239.939806 0.191944
241.937255 0.191944
243.937398 0.191944
245.942853 0.191944
247.938347 0.191944
249.936568 0.191944
251.945686 0.191944
253.939200 0.191944
255.941435 0.191944
257.945198 0.191944
259.939628 0.191944
261.939648 0.191944
263.940966 0.191944
265.944499 0.191944
267.943289 0.191944
269.941278 0.191944
271.942313 0.191944
273.941752 0.191944
275.944815 0.191944
277.943131 0.191944
279.946353 0.191944
281.945492 0.191944
283.944563 0.191944
285.945059 0.191944
287.948891 0.191944
289.946333 0.191944
291.946772 0.191944
293.946275 0.191944
295.946342 0.191944
297.956103 0.191944
299.948379 0.191944
301.946678 0.191944
303.947317 0.191944
305.951912 0.191944
307.946704 0.191944
309.951053 0.191944
311.954857 0.191944
313.949417 0.191944
315.961977 0.191944
317.952637 0.191944
319.953063 0.191944
321.953081 0.191944
323.955566 0.191944
325.954090 0.191944
327.954833 0.191944
329.957149 0.191944
331.956908 0.191944
333.962247 0.191944
