0.000000 0.000000
0.250000 0.094147
0.500000 0.548348
0.750000 0.337674
1.000000 0.509829
1.250000 0.387095
1.500000 0.843013
1.750000 0.857802
2.000000 0.431464
2.250000 0.887382
2.500000 0.461043
2.750000 0.475833
3.000000 0.931750
3.250000 0.946540
3.500000 0.520202
3.750000 0.535094
4.000000 0.559478
4.250000 1.018048
4.500000 0.576563
4.750000 0.591352
5.000000 1.047270
5.250000 0.620932
5.500000 1.076849
5.750000 1.091639
6.000000 1.106428
6.250000 0.680090
6.500000 0.701070
6.750000 0.721090
7.000000 0.748839
7.250000 0.772532
7.500000 1.231103
7.750000 0.789618
8.000000 0.804407
8.250000 1.260324
8.500000 1.275114
8.750000 0.863364
9.000000 1.323780
9.250000 1.334186
9.500000 1.790103
9.750000 0.915156
10.000000 1.372789
10.250000 1.385901
10.500000 0.968352
10.750000 0.983218
11.000000 1.439136
11.250000 1.038633
11.500000 1.497204
11.750000 1.509417
12.000000 1.524206
12.250000 1.085298
12.500000 1.541215
12.750000 1.556005
13.000000 1.570794
13.250000 1.585584
13.500000 1.600373
13.750000 1.615163
14.000000 1.629952
14.250000 1.644742
14.500000 1.205730
14.750000 1.220520
15.000000 1.676437
15.250000 1.691227
15.500000 1.271414
15.750000 1.286242
16.000000 1.301031
16.250000 1.756948
16.500000 1.771738
16.750000 1.786528
17.000000 1.365946
17.250000 1.384788
17.500000 1.405372
17.750000 1.435936
18.000000 1.897160
18.250000 1.906796
18.500000 1.485650
18.750000 1.505800
19.000000 1.520628
19.250000 1.535418
19.500000 1.756984
19.750000 2.026446
20.000000 2.041236
20.250000 1.614898
20.500000 1.629790
20.750000 2.085708
21.000000 2.100497
21.250000 2.115287
21.500000 2.130076
21.750000 2.144866
22.000000 2.159656
22.250000 1.733317
22.500000 1.748107
22.750000 1.762897
23.000000 1.797498
23.250000 2.256068
23.500000 2.268281
23.750000 2.283071
24.000000 1.856732
24.250000 2.312650
24.500000 1.899005
24.750000 2.359421
25.000000 2.369826
25.250000 1.943488
25.500000 1.963470
25.750000 1.978298
26.000000 2.434216
26.250000 2.016666
26.500000 2.031532
26.750000 2.046322
27.000000 2.080437
27.250000 2.101059
27.500000 2.115887
27.750000 2.571804
28.000000 2.586594
28.250000 2.177779
28.500000 2.196697
28.750000 2.654330
29.000000 2.250646
29.250000 2.265550
29.500000 2.280339
29.750000 2.736257
30.000000 2.751046
30.250000 2.324708
30.500000 2.339498
30.750000 2.354287
31.000000 2.369077
31.250000 2.824994
31.500000 2.398656
31.750000 2.413445
32.000000 2.428235
32.250000 2.884152
32.500000 2.898942
32.750000 2.913732
33.000000 2.928521
33.250000 2.943311
33.500000 2.516973
33.750000 2.531762
34.000000 2.546552
