0.000000 0.000000
0.250000 0.012269
0.500000 0.012269
0.750000 0.012269
1.000000 0.012269
1.250000 0.012269
1.500000 0.012269
1.750000 0.012269
2.000000 0.012269
2.250000 0.012269
2.500000 0.012269
2.750000 0.012269
3.000000 0.012269
3.250000 0.012269
3.500000 0.012269
3.750000 0.012269
4.000000 0.012269
4.250000 0.012269
4.500000 0.012269
4.750000 0.012269
5.000000 0.012269
5.250000 0.012269
5.500000 0.012269
5.750000 0.012269
6.000000 0.012269
6.250000 0.012269
6.500000 0.012269
6.750000 0.012269
7.000000 0.012269
7.250000 0.012269
7.500000 0.012269
7.750000 0.012269
8.000000 0.012269
8.250000 0.012269
8.500000 0.012269
8.750000 0.012269
9.000000 0.012269
9.250000 0.012269
9.500000 0.012269
9.750000 0.012269
10.000000 0.012269
10.250000 0.012269
10.500000 0.012269
10.750000 0.012269
11.000000 0.012269
11.250000 0.012269
11.500000 0.012269
11.750000 0.012269
12.000000 0.012269
12.250000 0.012269
12.500000 0.012269
12.750000 0.012269
13.000000 0.012269
13.250000 0.012269
13.500000 0.012269
13.750000 0.012269
14.000000 0.012269
14.250000 0.012269
14.500000 0.012269
14.750000 0.012269
15.000000 0.012269
15.250000 0.012269
15.500000 0.012269
15.750000 0.012269
16.000000 0.012269
16.250000 0.012269
16.500000 0.012269
16.750000 0.012269
17.000000 0.012269
17.250000 0.012269
17.500000 0.012269
17.750000 0.012269
18.000000 0.012269
18.250000 0.012269
18.500000 0.012269
18.750000 0.012269
19.000000 0.012269
19.250000 0.012269
19.500000 0.012269
19.750000 0.012269
20.000000 0.012269
20.250000 0.012269
20.500000 0.012269
20.750000 0.012269
21.000000 0.012269
21.250000 0.012269
21.500000 0.012269
21.750000 0.012269
22.000000 0.012269
22.250000 0.012269
