0.000000 0.000000
0.250000 0.022593
0.500000 0.216330
0.750000 0.224085
1.000000 0.231840
1.250000 0.239595
1.500000 0.247350
1.750000 0.255105
2.000000 0.262860
2.250000 0.270615
2.500000 0.278370
2.750000 0.286125
3.000000 0.293880
3.250000 0.301635
3.500000 0.309390
3.750000 0.317145
4.000000 0.324900
4.250000 0.332655
4.500000 0.340410
4.750000 0.348165
5.000000 0.355920
5.250000 0.363675
5.500000 0.371430
5.750000 0.379185
6.000000 0.386940
6.250000 0.394695
6.500000 0.402450
6.750000 0.410205
7.000000 0.417960
7.250000 0.425715
7.500000 0.433470
7.750000 0.441225
8.000000 0.448980
8.250000 0.456735
8.500000 0.464490
8.750000 0.472245
9.000000 0.480000
9.250000 0.487755
9.500000 0.495510
