0.000000 0.000000
0.250000 0.176138
0.500000 0.176138
0.750000 0.176138
1.000000 0.176138
1.250000 0.176138
1.500000 0.176138
1.750000 0.176138
2.000000 0.176138
2.250000 0.176138
2.500000 0.176138
2.750000 0.176138
3.000000 0.176138
3.250000 0.176138
3.500000 0.176138
3.750000 0.176138
4.000000 0.176138
4.250000 0.176138
4.500000 0.176138
4.750000 0.176138
5.000000 0.176138
5.250000 0.176138
5.500000 0.176138
5.750000 0.176138
6.000000 0.176138
6.250000 0.176138
6.500000 0.176138
6.750000 0.176138
7.000000 0.176138
7.250000 0.176138
7.500000 0.176138
7.750000 0.176138
8.000000 0.176138
8.250000 0.176138
8.500000 0.176138
8.750000 0.176138
9.000000 0.176138
9.250000 0.176138
9.500000 0.176138
9.750000 0.176138
10.000000 0.176138
10.250000 0.176138
10.500000 0.176138
10.750000 0.176138
11.000000 0.176138
11.250000 0.176138
11.500000 0.176138
11.750000 0.176138
12.000000 0.176138
12.250000 0.176138
12.500000 0.176138
12.750000 0.176138
13.000000 0.176138
13.250000 0.176138
13.500000 0.176138
13.750000 0.176138
14.000000 0.176138
14.250000 0.176138
14.500000 0.176138
14.750000 0.176138
15.000000 0.176138
15.250000 0.176138
15.500000 0.176138
15.750000 0.176138
16.000000 0.176138
16.250000 0.176138
16.500000 0.176138
16.750000 0.176138
17.000000 0.176138
17.250000 0.176138
17.500000 0.176138
17.750000 0.176138
18.000000 0.176138
18.250000 0.176138
18.500000 0.176138
18.750000 0.176138
19.000000 0.176138
21.000000 0.176138
21.250000 0.176138
21.500000 0.176138
21.750000 0.176138
22.000000 0.176138
22.250000 0.176138
22.500000 0.176138
22.750000 0.176138
23.000000 0.176138
23.250000 0.176138
23.500000 0.176138
23.750000 0.176138
24.000000 0.176138
24.250000 0.176138
24.500000 0.176138
24.750000 0.176138
25.000000 0.176138
25.250000 0.176138
25.500000 0.176138
25.750000 0.176138
26.000000 0.176138
26.250000 0.176138
26.500000 0.176138
26.750000 0.176138
27.000000 0.176138
27.250000 0.176138
27.500000 0.176138
27.750000 0.176138
28.000000 0.176138
28.250000 0.176138
28.500000 0.176138
28.750000 0.176138
29.000000 0.176138
29.250000 0.176138
29.500000 0.176138
29.750000 0.176138
30.000000 0.176138
30.250000 0.176138
30.500000 0.176138
30.750000 0.176138
31.000000 0.176138
31.250000 0.176138
31.500000 0.176138
31.750000 0.176138
32.000000 0.176138
32.250000 0.176138
32.500000 0.176138
32.750000 0.176138
33.000000 0.176138
33.250000 0.176138
33.500000 0.176138
33.750000 0.176138
34.000000 0.176138
