0.000000 0.000000
0.250000 0.011364
0.500000 0.011364
0.750000 0.011364
1.000000 0.011364
1.250000 0.011364
1.500000 0.011364
1.750000 0.011364
2.000000 0.011364
2.250000 0.011364
2.500000 0.011364
2.750000 0.011364
3.000000 0.011364
3.250000 0.011364
3.500000 0.011364
3.750000 0.034384
4.000000 0.034384
4.250000 0.034384
4.500000 0.034384
4.750000 0.034384
5.000000 0.034384
5.250000 0.034384
5.500000 0.034384
5.750000 0.034384
6.000000 0.034384
6.250000 0.034384
6.500000 0.034384
6.750000 0.034384
7.000000 0.034384
7.250000 0.034384
7.500000 0.034384
7.750000 0.034384
8.000000 0.034384
8.250000 0.034384
8.500000 0.034384
8.750000 0.034384
9.000000 0.034384
9.250000 0.034384
9.500000 0.034384
9.750000 0.034384
10.000000 0.034384
10.250000 0.034384
10.500000 0.034384
10.750000 0.034384
11.000000 0.034384
11.250000 0.034384
11.500000 0.034384
11.750000 0.034384
12.000000 0.034384
12.250000 0.034384
12.500000 0.034384
12.750000 0.034384
13.000000 0.034384
13.250000 0.034384
13.500000 0.034384
13.750000 0.034384
14.000000 0.034384
14.250000 0.034384
14.500000 0.034384
14.750000 0.034384
15.000000 0.034384
15.250000 0.034384
15.500000 0.034384
15.750000 0.034384
16.000000 0.034384
16.250000 0.034384
16.500000 0.034384
16.750000 0.034384
17.000000 0.034384
17.250000 0.034384
17.500000 0.034384
17.750000 0.034384
18.000000 0.034384
18.250000 0.034384
18.500000 0.034384
18.750000 0.034384
19.000000 0.034384
19.250000 0.034384
19.500000 0.034384
19.750000 0.034384
20.000000 0.034384
20.250000 0.034384
20.500000 0.034384
20.750000 0.056418
21.000000 0.056418
21.250000 0.056418
21.500000 0.056418
21.750000 0.056418
22.000000 0.056418
22.250000 0.056418
22.500000 0.056418
22.750000 0.056418
23.000000 0.056418
23.250000 0.056418
23.500000 0.056418
23.750000 0.056418
24.000000 0.056418
24.250000 0.056418
24.500000 0.056418
24.750000 0.056418
25.000000 0.056418
25.250000 0.056418
25.500000 0.056418
25.750000 0.056418
26.000000 0.056418
26.250000 0.056418
26.500000 0.056418
26.750000 0.056418
27.000000 0.056418
27.250000 0.056418
27.500000 0.056418
27.750000 0.056418
28.000000 0.056418
28.250000 0.056418
28.500000 0.056418
28.750000 0.056418
29.000000 0.056418
29.250000 0.056418
29.500000 0.056418
29.750000 0.056418
30.000000 0.056418
30.250000 0.074338
30.500000 0.084824
30.750000 0.084824
31.000000 0.084824
31.250000 0.084824
31.500000 0.084824
31.750000 0.084824
32.000000 0.084824
32.250000 0.084824
32.500000 0.084824
32.750000 0.084824
33.000000 0.084824
33.250000 0.084824
33.500000 0.084824
33.750000 0.084824
34.000000 0.084824
34.250000 0.084824
34.500000 0.084824
34.750000 0.084824
35.000000 0.084824
35.250000 0.084824
35.500000 0.084824
35.750000 0.084824
36.000000 0.084824
36.250000 0.084824
36.500000 0.084824
36.750000 0.084824
37.000000 0.084824
37.250000 0.084824
37.500000 0.084824
37.750000 0.084824
38.000000 0.084824
38.250000 0.084824
38.500000 0.084824
38.750000 0.084824
39.000000 0.084824
39.250000 0.101344
39.500000 0.101344
39.750000 0.101344
40.000000 0.101344
40.250000 0.101344
40.500000 0.101344
40.750000 0.101344
41.000000 0.101344
41.250000 0.101344
41.500000 0.101344
41.750000 0.101344
42.000000 0.101344
42.250000 0.101344
42.500000 0.101344
42.750000 0.101344
43.000000 0.101344
43.250000 0.101344
43.500000 0.101344
43.750000 0.101344
44.000000 0.101344
44.250000 0.101344
44.500000 0.101344
44.750000 0.101344
45.000000 0.101344
45.250000 0.101344
45.500000 0.101344
45.750000 0.101344
46.000000 0.101344
46.250000 0.101344
46.500000 0.101344
46.750000 0.101344
47.000000 0.101344
47.250000 0.101344
47.500000 0.101344
47.750000 0.101344
48.000000 0.101344
48.250000 0.101344
48.500000 0.101344
48.750000 0.101344
49.000000 0.101344
49.250000 0.101344
49.500000 0.101344
49.750000 0.101344
50.000000 0.101344
50.250000 0.101344
50.500000 0.101344
50.750000 0.101344
51.000000 0.101344
51.250000 0.101344
51.500000 0.101344
51.750000 0.101344
52.000000 0.101344
52.250000 0.101344
52.500000 0.101344
52.750000 0.101344
53.000000 0.101344
53.250000 0.101344
53.500000 0.101344
53.750000 0.101344
54.000000 0.101344
54.250000 0.101344
54.500000 0.101344
54.750000 0.101344
55.000000 0.101344
55.250000 0.101344
55.500000 0.101344
55.750000 0.101344
56.000000 0.101344
56.250000 0.101344
56.500000 0.101344
56.750000 0.101344
57.000000 0.101344
57.250000 0.101344
57.500000 0.101344
57.750000 0.101344
58.000000 0.101344
58.250000 0.101344
58.500000 0.101344
58.750000 0.101344
59.000000 0.101344
59.250000 0.101344
59.500000 0.101344
59.750000 0.101344
60.000000 0.101344
60.250000 0.101344
60.500000 0.101344
60.750000 0.101344
61.000000 0.101344
61.250000 0.101344
61.500000 0.101344
61.750000 0.101344
62.000000 0.101344
62.250000 0.101344
62.500000 0.101344
62.750000 0.101344
63.000000 0.101344
63.250000 0.101344
63.500000 0.101344
63.750000 0.101344
64.000000 0.101344
64.250000 0.101344
64.500000 0.101344
64.750000 0.101344
65.000000 0.101344
65.250000 0.101344
65.500000 0.101344
65.750000 0.101344
66.000000 0.101344
66.250000 0.101344
66.500000 0.101344
66.750000 0.101344
67.000000 0.101344
67.250000 0.101344
67.500000 0.101344
67.750000 0.101344
68.000000 0.101344
68.250000 0.101344
68.500000 0.101344
68.750000 0.101344
69.000000 0.101344
69.250000 0.101344
69.500000 0.101344
69.750000 0.101344
70.000000 0.101344
70.250000 0.101344
70.500000 0.101344
70.750000 0.101344
71.000000 0.101344
71.250000 0.101344
71.500000 0.101344
71.750000 0.101344
72.000000 0.101344
72.250000 0.101344
72.500000 0.101344
72.750000 0.101344
73.000000 0.101344
73.250000 0.101344
73.500000 0.101344
73.750000 0.101344
74.000000 0.101344
74.250000 0.101344
74.500000 0.101344
74.750000 0.101344
75.000000 0.101344
75.250000 0.101344
75.500000 0.101344
75.750000 0.101344
76.000000 0.101344
76.250000 0.101344
76.500000 0.101344
76.750000 0.101344
77.000000 0.101344
77.250000 0.101344
77.500000 0.101344
77.750000 0.101344
78.000000 0.101344
78.250000 0.101344
78.500000 0.101344
78.750000 0.101344
79.000000 0.101344
79.250000 0.101344
79.500000 0.101344
79.750000 0.101344
80.000000 0.101344
80.250000 0.101344
80.500000 0.101344
80.750000 0.101344
81.000000 0.101344
81.250000 0.101344
81.500000 0.101344
81.750000 0.101344
82.000000 0.101344
82.250000 0.101344
82.500000 0.101344
82.750000 0.101344
83.000000 0.101344
83.250000 0.101344
83.500000 0.101344
83.750000 0.101344
84.000000 0.101344
84.250000 0.101344
84.500000 0.101344
84.750000 0.101344
85.000000 0.101344
85.250000 0.101344
85.500000 0.101344
85.750000 0.101344
86.000000 0.101344
86.250000 0.101344
86.500000 0.101344
86.750000 0.101344
87.000000 0.101344
87.250000 0.101344
87.500000 0.101344
87.750000 0.101344
88.000000 0.101344
88.250000 0.101344
88.500000 0.101344
88.750000 0.101344
89.000000 0.101344
89.250000 0.101344
89.500000 0.101344
89.750000 0.101344
90.000000 0.101344
90.250000 0.101344
90.500000 0.101344
90.750000 0.101344
91.000000 0.101344
91.250000 0.101344
91.500000 0.101344
91.750000 0.101344
92.000000 0.101344
92.250000 0.101344
92.500000 0.101344
92.750000 0.101344
93.000000 0.101344
93.250000 0.101344
93.500000 0.101344
93.750000 0.101344
94.000000 0.101344
94.250000 0.101344
94.500000 0.101344
94.750000 0.101344
95.000000 0.101344
95.250000 0.101344
95.500000 0.101344
95.750000 0.101344
96.000000 0.101344
96.250000 0.101344
96.500000 0.101344
96.750000 0.101344
97.000000 0.101344
97.250000 0.101344
97.500000 0.101344
97.750000 0.101344
98.000000 0.101344
98.250000 0.101344
98.500000 0.101344
98.750000 0.101344
99.000000 0.101344
99.250000 0.101344
99.500000 0.101344
