0.298024 0.101873
1.825483 0.080364
3.824284 0.000000
5.821627 0.019421
7.828232 0.000000
9.824582 0.000000
11.827510 0.000000
13.825758 0.000000
15.827300 0.068003
17.829441 0.067768
19.839778 0.058640
21.831170 0.063467
23.835708 0.053019
25.835061 0.050815
27.834602 0.017062
29.843212 0.068299
31.837932 0.019353
33.842678 0.019425
35.846546 0.009757
37.841337 0.048660
39.841177 0.009723
41.842808 0.000000
43.841921 0.029153
45.844740 0.038944
47.843805 0.019320
49.858578 0.009718
51.861223 0.028056
53.942326 0.048338
55.955468 0.057935
57.971119 0.028837
59.995819 0.048618
61.997348 0.019468
63.996798 0.008973
66.165710 0.010630
67.996531 0.000000
69.998363 0.029089
72.002868 0.028952
74.019573 0.019457
76.012709 0.000000
78.020075 0.000000
80.013137 0.022707
82.031567 0.035221
84.033389 0.009683
86.043356 0.026972
88.929686 0.009522
90.948774 0.000000
92.950469 0.000000
94.956607 0.019205
96.975366 0.009627
98.980623 0.028990
100.979662 0.009741
102.977663 0.009724
104.979182 0.014447
107.306921 0.012274
109.288327 0.000000
111.284083 0.019376
113.293002 0.029198
115.292718 0.007083
118.016757 0.021811
119.801330 0.000000
121.810469 0.000000
123.991504 0.021434
125.807600 0.029173
127.808981 0.025368
130.223844 0.027531
132.228050 0.019609
134.213058 0.019004
136.261247 0.039084
138.253051 0.048613
140.254786 0.035479
142.449064 0.009725
144.450254 0.000000
146.672688 0.000000
148.727085 0.000000
150.789323 0.000000
152.807454 0.000000
154.813667 0.000000
156.830680 0.000000
158.923085 0.000000
160.812982 0.000000
162.957749 0.000000
164.823120 0.000000
166.875793 0.000000
169.877254 0.000000
