0.719961 0.105172
1.825214 0.097754
3.839487 0.308404
5.839025 1.121311
7.831600 1.096205
9.833554 1.128281
11.834602 1.484367
13.835925 0.037700
15.836785 0.037671
17.838684 0.044009
19.837872 0.037585
21.844319 0.044091
23.839799 0.037615
25.844679 0.044059
27.841604 0.037657
29.844251 0.044064
31.840929 0.037619
33.845601 0.043911
35.849239 0.037465
37.862160 0.037224
39.888090 0.037809
41.882651 0.037933
43.870700 0.031357
45.874845 0.037524
47.884560 0.037841
49.877478 0.037715
51.877006 0.037640
53.880524 0.037582
55.887142 0.037894
57.877249 0.037561
59.885011 0.037861
61.876864 0.037676
63.878480 0.037699
65.878864 0.037660
67.881356 0.037709
69.881232 0.037617
71.886007 0.011243
74.121825 0.025121
76.123195 0.006065
