0.745977 0.000000
1.832927 0.272608
3.845421 0.920933
5.850208 0.120771
7.846513 0.120771
9.838148 0.120771
11.845199 0.120771
13.846831 0.120771
15.850269 0.120771
17.835235 0.120771
19.848771 0.120771
21.851091 0.120771
23.849700 0.120771
25.849131 0.120771
27.848497 0.120771
29.850697 0.120771
31.850162 0.120771
33.851359 0.120771
35.863099 0.120771
37.852217 0.120771
39.875172 0.120771
41.883230 0.120771
43.884479 0.120771
45.874874 0.120771
47.893805 0.120771
49.887023 0.120771
51.886192 0.120771
53.902838 0.120771
55.882369 0.120771
57.888216 0.120771
59.886589 0.120771
61.879723 0.120771
63.881917 0.120771
65.894335 0.120771
67.892191 0.120771
69.897382 0.120771
71.894387 0.120771
74.128270 0.120771
76.322022 0.120771
78.174961 0.120771
80.191614 0.120771
82.186870 0.120771
84.400006 0.120771
86.194210 0.120771
