0.000126 2.440166
1.839859 6.376331
3.850270 2.648463
5.847075 3.258861
7.840683 2.881425
9.843259 1.128310
11.839072 1.482712
13.842630 1.286865
15.847389 1.305543
17.847072 1.236707
19.848016 1.278924
21.844920 1.362476
23.847108 1.363864
25.848195 1.284997
27.847309 1.285194
29.850087 1.363565
31.856677 1.424158
33.852861 1.272043
35.859811 1.199495
37.849815 1.213494
39.876519 1.227374
41.880330 1.236895
43.870994 1.197763
45.880531 1.190981
47.887160 1.244307
49.875716 1.092902
51.880213 1.231139
53.883078 1.235332
55.885560 1.370684
57.879890 1.258579
59.887835 1.247811
61.883470 1.232270
63.887619 1.244722
65.896353 1.202976
67.882946 1.213925
69.897628 1.220563
71.894484 0.281911
