0.206959 0.000000
1.834358 0.273850
3.839418 0.666726
5.841673 0.112607
7.831378 0.112607
9.837931 0.112607
11.832607 0.112607
13.835562 0.112607
15.840184 0.112607
17.844320 0.112607
19.842551 0.112607
21.844315 0.112607
23.839139 0.112607
25.840219 0.112607
27.842907 0.112607
29.845618 0.112607
31.845503 0.112607
33.848048 0.112607
35.850336 0.112607
37.848621 0.112607
39.870465 0.112607
41.875805 0.112607
43.880698 0.112607
45.875457 0.112607
47.874820 0.112607
49.873981 0.112607
51.876748 0.112607
53.878776 0.112607
55.894880 0.112607
57.880617 0.112607
59.878209 0.112607
61.881090 0.112607
63.882661 0.112607
65.880159 0.112607
67.883860 0.112607
69.897724 0.112607
71.885573 0.112607
74.122975 0.112607
76.125293 0.112607
78.166885 0.112607
80.171880 0.112607
82.176074 0.112607
