0.010190 0.581767
1.822197 0.827742
3.826686 2.183447
5.841176 0.000000
7.829606 0.000000
9.838490 0.000000
11.833208 0.000000
13.835149 0.436804
15.837191 0.438951
17.836048 0.514546
19.836713 0.447131
21.837914 0.522110
23.837363 0.452906
25.845064 0.533721
27.839053 0.455604
29.841233 0.532358
31.840326 0.491706
33.843252 0.502944
35.849405 0.462577
37.859015 0.462479
39.869052 0.464746
41.869287 0.462098
43.880983 0.393505
45.871727 0.472871
47.874387 0.473713
49.873486 0.473723
51.872542 0.472790
53.875544 0.471824
55.882649 0.475283
57.875148 0.472570
59.879083 0.473894
61.877420 0.473344
63.878078 0.473039
65.880027 0.480887
67.879457 0.481909
69.880666 0.481862
71.882070 0.143108
74.128391 0.322590
