0.007431 0.000000
1.824874 0.000000
3.837791 12.315412
5.827425 24.594212
7.828338 16.771986
9.834121 9.818490
11.846550 9.818490
13.836064 9.818490
15.836093 9.818490
17.842635 9.818490
19.839219 9.818490
21.841495 9.818490
23.841344 9.818490
25.838653 9.818490
27.848345 9.818490
29.843572 9.818490
31.840181 9.818490
33.843144 9.818490
35.849061 9.818490
37.846976 9.818490
39.906710 9.818490
41.872314 9.818490
43.877662 9.818490
45.873593 9.818490
47.892454 9.818490
49.877300 9.818490
51.874418 9.818490
53.877716 9.818490
55.876488 9.818490
57.878652 9.818490
59.875657 9.818490
61.877130 9.818490
63.880204 9.818490
65.881648 9.818490
67.881967 9.818490
69.895873 9.818490
71.883708 9.818490
74.121416 9.818490
76.123601 9.818490
