1.713271 0.124871
1.841601 0.398030
3.851929 0.790418
5.848770 0.112613
7.836234 0.112613
9.844888 0.112613
11.839889 0.112613
13.844444 0.112613
15.846314 0.112613
17.847302 0.112613
19.849349 0.112613
21.844465 0.112613
23.841872 0.112613
25.847988 0.112613
27.850087 0.112613
29.856284 0.112613
31.838917 0.112613
33.854788 0.112613
35.854527 0.112613
37.847888 0.112613
39.874839 0.112613
41.883073 0.112613
43.871802 0.112613
45.875767 0.112613
47.884763 0.112613
49.876412 0.112613
51.881909 0.112613
53.886081 0.112613
55.890568 0.112613
57.881003 0.112613
59.882078 0.112613
61.881753 0.112613
63.890329 0.112613
65.884170 0.112613
67.883850 0.112613
69.894893 0.112613
71.893142 0.112613
74.130694 0.112613
76.136773 0.112613
78.179281 0.112613
