0.005333 0.243111
1.827813 0.861174
3.830087 0.204580
5.848716 0.000000
7.833272 0.000000
9.844008 0.000000
11.836819 0.000000
13.839564 0.675993
15.846170 0.691246
17.840156 0.670137
19.842726 0.686201
21.842138 0.701588
23.843237 0.705978
25.850960 0.677338
27.843924 0.709031
29.846680 0.699651
31.846264 0.698741
33.848117 0.623077
35.855318 0.708821
37.856398 0.715116
39.872323 0.685064
41.875921 0.683887
43.887770 0.723159
45.874447 0.663990
47.886528 0.707390
49.877941 0.650938
51.877269 0.697863
53.880046 0.691177
55.889600 0.710488
57.880621 0.681119
59.884270 0.672471
61.882597 0.676329
63.883311 0.686373
65.884297 0.681055
67.883557 0.676020
69.891260 0.652634
71.887328 0.150119
74.141203 0.658218
