0.285878 0.069984
1.823824 0.082096
3.831694 0.196257
5.839443 0.000000
7.835533 0.000000
9.836687 0.000000
11.834436 0.000000
13.843164 0.032652
15.834294 0.035046
17.843171 0.038072
19.839790 0.034434
21.836457 0.036146
23.844139 0.033167
25.839132 0.043169
27.839424 0.032668
29.843161 0.038439
31.839181 0.036006
33.844431 0.041580
35.853864 0.037162
37.866159 0.038857
39.866469 0.036008
41.882091 0.035475
43.872459 0.027130
45.876584 0.035402
47.872256 0.033687
49.874247 0.036068
51.882183 0.040439
53.875744 0.038726
55.875083 0.034684
57.877598 0.036272
59.882035 0.041556
61.875505 0.037143
63.877444 0.039357
65.879593 0.040432
67.879953 0.038697
69.895183 0.040882
71.884217 0.011006
74.120128 0.028500
76.125340 0.006471
