0.000000 36.286892
0.250000 0.175252
0.500000 12.441760
0.750000 1.012904
1.000000 1.237540
1.250000 1.858760
1.500000 2.477868
1.750000 1.111812
2.000000 1.110276
2.250000 1.848304
2.500000 2.164740
2.750000 1.377292
3.000000 1.414916
3.250000 1.517444
3.500000 1.809796
3.750000 1.549060
4.000000 1.816964
4.250000 1.810852
4.500000 2.608348
4.750000 1.217804
5.000000 1.678448
5.250000 2.007092
5.500000 3.575816
5.750000 0.923780
6.000000 0.761924
6.250000 1.045484
6.500000 0.900804
6.750000 0.899268
7.000000 0.901600
7.250000 0.899268
7.500000 0.900292
7.750000 0.899268
8.000000 0.900804
8.250000 2.620500
8.500000 7.081928
8.750000 3.480192
9.000000 3.211964
9.250000 0.767980
9.500000 0.772588
9.750000 0.767980
10.000000 0.767468
10.250000 0.769364
10.500000 4.827236
10.750000 0.797836
11.000000 1.133000
11.250000 1.065320
11.500000 1.871504
11.750000 0.986520
12.000000 0.943172
12.250000 3.661404
12.500000 1.781932
12.750000 2.013460
13.000000 7.993668
13.250000 0.939284
13.500000 0.845588
13.750000 1.061652
14.000000 0.955668
14.250000 0.950548
14.500000 0.955156
14.750000 0.954132
15.000000 0.965092
15.250000 0.938564
15.500000 0.952596
15.750000 0.943380
16.000000 0.964884
16.250000 0.953108
16.500000 0.954132
16.750000 0.951572
17.000000 0.885524
17.250000 2.470224
17.500000 1.068552
17.750000 1.005044
18.000000 1.004040
18.250000 1.003016
18.500000 0.999944
18.750000 2.400088
19.000000 4.704556
19.250000 6.737116
19.500000 7.727740
19.750000 0.772008
20.000000 0.765408
20.250000 1.893164
20.500000 1.947860
20.750000 0.769476
21.000000 3.620160
21.250000 2.586712
21.500000 1.647584
21.750000 1.510928
22.000000 1.201388
22.250000 1.138276
22.500000 0.797152
22.750000 1.051616
23.000000 1.016172
23.250000 1.005628
23.500000 1.122272
23.750000 1.104560
24.000000 1.082772
24.250000 1.044224
24.500000 0.764384
24.750000 0.762848
25.000000 0.763360
25.250000 0.763360
25.500000 0.763872
25.750000 0.762336
26.000000 0.763872
26.250000 0.762848
26.500000 0.763872
26.750000 0.763360
27.000000 0.779744
27.250000 0.746976
27.500000 0.760800
27.750000 0.765408
28.000000 0.762848
28.250000 0.761824
28.500000 0.765408
28.750000 0.763872
29.000000 0.764384
29.250000 0.763360
29.500000 0.762848
29.750000 0.763360
30.000000 0.763360
30.250000 0.763360
30.500000 0.763360
30.750000 0.762848
31.000000 0.766468
31.250000 0.765920
31.500000 0.763872
31.750000 0.762848
32.000000 0.763872
32.250000 0.763360
32.500000 0.764668
32.750000 0.760800
33.000000 0.765976
33.250000 0.766432
33.500000 0.762848
