0.000000 0.000000
0.250000 0.136003
0.500000 0.136003
0.750000 0.136003
1.000000 0.136003
1.250000 0.136003
1.500000 0.136003
1.750000 0.136003
2.000000 0.136003
2.250000 0.136003
2.500000 0.136003
2.750000 0.218560
3.000000 0.218560
3.250000 0.218560
3.500000 0.218560
3.750000 0.218560
4.000000 0.218560
4.250000 0.218560
4.500000 0.218560
4.750000 2.111488
5.000000 0.318325
5.250000 0.318325
5.500000 0.318325
5.750000 0.318325
6.000000 0.318325
6.250000 0.318325
6.500000 0.318325
6.750000 0.318325
7.000000 0.318325
7.250000 0.318325
7.500000 0.318325
7.750000 0.318325
8.000000 0.318325
8.250000 0.318325
8.500000 0.318325
8.750000 0.318325
9.000000 0.318325
9.250000 0.318325
9.500000 0.318325
9.750000 0.318325
10.000000 0.318325
10.250000 0.318325
10.500000 0.318325
10.750000 0.318325
11.000000 0.318325
11.250000 0.318325
11.500000 0.318325
11.750000 0.318325
12.000000 0.318325
12.250000 0.318325
12.500000 0.318325
12.750000 0.318325
13.000000 0.318325
13.250000 0.318325
13.500000 0.318325
13.750000 0.318325
14.000000 0.318325
14.250000 0.318325
14.500000 0.318325
14.750000 0.318325
15.000000 0.318325
15.250000 0.318325
15.500000 0.318325
15.750000 0.318325
16.000000 0.318325
16.250000 0.318325
16.500000 0.318325
16.750000 0.318325
17.000000 0.318325
17.250000 0.318325
17.500000 0.318325
17.750000 0.318325
18.000000 0.318325
18.250000 0.318325
18.500000 0.318325
18.750000 0.318325
19.000000 0.318325
19.250000 0.318325
19.500000 0.318325
19.750000 0.318325
20.000000 0.318325
20.250000 0.318325
20.500000 0.318325
20.750000 0.318325
21.000000 0.318325
21.250000 0.318325
21.500000 0.318325
21.750000 0.318325
22.000000 0.318325
22.250000 0.318325
22.500000 0.318325
22.750000 0.318325
23.000000 0.318325
23.250000 0.318325
23.500000 0.318325
23.750000 0.318325
24.000000 0.318325
24.250000 0.318325
24.500000 0.318325
24.750000 0.318325
25.000000 0.318325
25.250000 0.318325
25.500000 0.318325
25.750000 0.318325
26.000000 0.318325
26.250000 0.318325
26.500000 0.318325
26.750000 0.318325
27.000000 0.318325
27.250000 0.318325
27.500000 0.318325
27.750000 0.318325
28.000000 0.318325
28.250000 0.318325
28.500000 0.318325
28.750000 0.318325
29.000000 0.318325
29.250000 0.318325
29.500000 0.318325
29.750000 0.318325
30.000000 0.318325
30.250000 0.318325
30.500000 0.318325
30.750000 0.318325
31.000000 0.318325
31.250000 0.318325
31.500000 0.318325
31.750000 0.318325
32.000000 0.318325
32.250000 0.318325
32.500000 0.318325
32.750000 0.318325
33.000000 0.318325
33.250000 0.318325
33.500000 0.318325
33.750000 0.318325
34.000000 0.318325
34.250000 0.318325
34.500000 0.318325
34.750000 0.318325
35.000000 0.318325
35.250000 0.318325
35.500000 0.318325
