0.000000 0.000000
0.250000 0.049957
0.500000 0.049957
0.750000 0.049957
1.000000 0.049957
1.250000 0.049957
1.500000 0.049957
1.750000 0.049957
2.000000 0.049957
2.250000 0.049957
2.500000 0.049957
2.750000 0.049957
3.000000 0.049957
3.250000 0.049957
3.500000 0.049957
3.750000 0.049957
4.000000 0.049957
4.250000 0.049957
4.500000 0.049957
4.750000 0.049957
5.000000 0.049957
5.250000 0.049957
5.500000 0.049957
5.750000 0.049957
6.000000 0.049957
6.250000 0.049957
6.500000 0.049957
6.750000 0.049957
7.000000 0.049957
7.250000 0.049957
7.500000 0.049957
7.750000 0.049957
8.000000 0.049957
8.250000 0.049957
8.500000 0.049957
8.750000 0.049957
9.000000 0.049957
9.250000 0.049957
9.500000 0.049957
9.750000 0.049957
10.000000 0.049957
10.250000 0.049957
10.500000 0.049957
10.750000 0.049957
11.000000 0.049957
11.250000 0.049957
11.500000 0.049957
11.750000 0.049957
12.000000 0.049957
12.250000 0.049957
12.500000 0.049957
12.750000 0.049957
13.000000 0.049957
13.250000 0.049957
13.500000 0.049957
13.750000 0.049957
14.000000 0.049957
14.250000 0.049957
14.500000 0.049957
14.750000 0.049957
15.000000 0.049957
15.250000 0.049957
15.500000 0.049957
15.750000 0.049957
16.000000 0.049957
16.250000 0.049957
16.500000 0.049957
16.750000 0.049957
17.000000 0.049957
17.250000 0.049957
17.500000 0.049957
17.750000 0.049957
18.000000 0.049957
18.250000 0.049957
18.500000 0.049957
18.750000 0.049957
19.000000 0.049957
19.250000 0.049957
19.500000 0.049957
19.750000 0.049957
20.000000 0.049957
20.250000 0.049957
20.500000 0.049957
20.750000 0.049957
21.000000 0.049957
21.250000 0.049957
21.500000 0.049957
21.750000 0.049957
22.000000 0.049957
22.250000 0.049957
22.500000 0.049957
22.750000 0.049957
23.000000 0.049957
23.250000 0.049957
23.500000 0.049957
23.750000 0.049957
24.000000 0.049957
24.250000 0.049957
24.500000 0.049957
24.750000 0.049957
25.000000 0.049957
25.250000 0.049957
25.500000 0.049957
25.750000 0.049957
26.000000 0.049957
26.250000 0.049957
26.500000 0.049957
26.750000 0.049957
27.000000 0.049957
27.250000 0.049957
27.500000 0.049957
27.750000 0.049957
28.000000 0.049957
28.250000 0.049957
28.500000 0.049957
28.750000 0.049957
29.000000 0.049957
29.250000 0.049957
29.500000 0.049957
29.750000 0.049957
30.000000 0.049957
30.250000 0.049957
30.500000 0.049957
30.750000 0.049957
31.000000 0.049957
31.250000 0.049957
31.500000 0.049957
31.750000 0.049957
32.000000 0.049957
32.250000 0.049957
32.500000 0.049957
32.750000 0.049957
33.000000 0.049957
33.250000 0.049957
33.500000 0.049957
33.750000 0.049957
34.000000 0.049957
34.250000 0.049957
34.500000 0.049957
34.750000 0.049957
35.000000 0.049957
35.250000 0.049957
