0.000000 0.000000
0.250000 0.060828
0.500000 0.060828
0.750000 0.060828
1.000000 0.060828
1.250000 0.060828
1.500000 0.060828
1.750000 0.060828
2.000000 0.060828
2.250000 0.060828
2.500000 0.060828
2.750000 0.060828
3.000000 0.060828
3.250000 0.060828
3.500000 0.060828
3.750000 0.060828
4.000000 0.060828
4.250000 0.060828
4.500000 0.060828
4.750000 0.060828
5.000000 0.060828
5.500000 0.060828
5.750000 0.060828
6.000000 0.060828
6.250000 0.060828
6.500000 0.060828
6.750000 0.060828
7.000000 0.060828
7.250000 0.060828
7.500000 0.060828
7.750000 0.060828
8.000000 0.060828
8.250000 0.060828
8.500000 0.060828
8.750000 0.060828
9.000000 0.060828
9.250000 0.060828
9.500000 0.060828
9.750000 0.060828
10.000000 0.060828
10.250000 0.060828
10.500000 0.060828
10.750000 0.060828
11.000000 0.060828
11.250000 0.060828
11.500000 0.060828
11.750000 0.060828
12.000000 0.060828
12.250000 0.060828
12.500000 0.060828
12.750000 0.060828
13.000000 0.060828
13.250000 0.060828
13.500000 0.060828
