0.000000 0.000000
0.250000 0.117045
0.500000 0.117045
0.750000 0.117045
1.000000 0.117045
1.250000 0.117045
1.500000 0.117045
1.750000 0.117045
2.000000 0.117045
2.250000 0.117045
2.500000 0.117045
2.750000 0.117045
3.000000 0.117045
3.250000 0.117045
3.500000 0.117045
3.750000 0.117045
4.000000 0.117045
4.250000 0.117045
4.500000 0.117045
4.750000 0.117045
5.000000 0.117045
5.250000 0.117045
5.500000 0.117045
5.750000 0.117045
6.000000 0.117045
6.250000 0.117045
6.500000 0.117045
6.750000 0.117045
7.000000 0.117045
7.250000 0.117045
7.500000 0.117045
7.750000 0.117045
8.000000 0.117045
8.250000 0.117045
8.500000 0.117045
8.750000 0.117045
9.000000 0.117045
9.250000 0.117045
9.500000 0.117045
9.750000 0.117045
10.000000 0.117045
10.250000 0.117045
10.500000 0.117045
10.750000 0.117045
11.000000 0.117045
11.250000 0.117045
11.500000 0.117045
11.750000 0.117045
12.000000 0.117045
12.250000 0.117045
12.500000 0.117045
12.750000 0.117045
13.000000 0.117045
13.250000 0.117045
13.500000 0.117045
13.750000 0.117045
14.000000 0.117045
14.250000 0.117045
14.500000 0.117045
14.750000 0.117045
15.000000 0.117045
15.250000 0.117045
15.500000 0.117045
15.750000 0.117045
16.000000 0.117045
16.250000 0.117045
16.500000 0.117045
16.750000 0.117045
17.000000 0.117045
17.250000 0.117045
17.500000 0.117045
17.750000 0.117045
18.000000 0.117045
18.250000 0.117045
18.500000 0.117045
18.750000 0.117045
19.000000 0.117045
19.250000 0.117045
19.500000 0.117045
19.750000 0.117045
20.000000 0.117045
20.250000 0.117045
20.500000 0.117045
20.750000 0.117045
21.000000 0.117045
21.250000 0.117045
21.500000 0.117045
21.750000 0.117045
22.000000 0.117045
22.250000 0.117045
22.500000 0.117045
22.750000 0.117045
23.000000 0.117045
23.250000 0.117045
23.500000 0.117045
23.750000 0.117045
24.000000 0.117045
24.500000 0.117045
24.750000 0.117045
25.000000 0.117045
25.250000 0.117045
25.500000 0.117045
25.750000 0.117045
26.000000 0.117045
26.250000 0.117045
26.500000 0.117045
26.750000 0.117045
27.000000 0.117045
27.250000 0.117045
27.500000 0.117045
27.750000 0.117045
28.000000 0.117045
28.250000 0.117045
28.500000 0.117045
28.750000 0.117045
29.000000 0.117045
29.250000 0.117045
29.500000 0.117045
29.750000 0.117045
30.000000 0.117045
30.250000 0.117045
30.500000 0.117045
30.750000 0.117045
31.000000 0.117045
31.250000 0.117045
31.500000 0.117045
31.750000 0.117045
32.000000 0.117045
32.250000 0.117045
32.500000 0.117045
32.750000 0.117045
33.000000 0.117045
33.250000 0.117045
33.500000 0.117045
33.750000 0.117045
34.000000 0.117045
34.250000 0.117045
34.500000 0.117045
34.750000 0.117045
35.000000 0.117045
35.250000 0.117045
35.500000 0.117045
35.750000 0.117045
36.000000 0.117045
36.250000 0.117045
36.500000 0.117045
36.750000 0.117045
37.000000 0.117045
37.250000 0.117045
37.500000 0.117045
37.750000 0.117045
38.000000 0.117045
38.250000 0.117045
38.500000 0.117045
38.750000 0.117045
39.000000 0.117045
39.250000 0.117045
39.500000 0.117045
39.750000 0.117045
40.000000 0.117045
40.250000 0.117045
40.500000 0.117045
40.750000 0.117045
41.000000 0.117045
41.250000 0.117045
41.500000 0.117045
41.750000 0.117045
42.000000 0.117045
42.250000 0.117045
42.500000 0.117045
42.750000 0.117045
43.000000 0.117045
43.250000 0.117045
43.500000 0.117045
43.750000 0.117045
44.000000 0.117045
44.250000 0.117045
44.500000 0.117045
44.750000 0.117045
45.000000 0.117045
45.250000 0.117045
45.500000 0.117045
45.750000 0.117045
46.000000 0.117045
46.250000 0.117045
46.500000 0.117045
46.750000 0.117045
47.000000 0.117045
47.250000 0.117045
47.500000 0.117045
47.750000 0.117045
48.000000 0.117045
48.250000 0.117045
48.500000 0.117045
48.750000 0.117045
49.000000 0.117045
49.250000 0.117045
49.500000 0.117045
49.750000 0.117045
50.000000 0.117045
50.250000 0.117045
50.500000 0.117045
50.750000 0.117045
51.000000 0.117045
51.250000 0.117045
51.500000 0.117045
51.750000 0.117045
52.000000 0.117045
52.250000 0.117045
52.500000 0.117045
52.750000 0.117045
53.000000 0.117045
53.250000 0.117045
53.500000 0.117045
53.750000 0.117045
54.000000 0.117045
54.250000 0.117045
54.500000 0.117045
54.750000 0.117045
55.000000 0.117045
55.250000 0.117045
55.500000 0.117045
55.750000 0.117045
56.000000 0.117045
56.250000 0.117045
56.500000 0.117045
56.750000 0.117045
