0.164077 0.000000
1.849491 0.481181
3.852812 0.123675
5.852484 0.123675
7.864637 0.123675
9.854783 0.123675
11.852433 0.123675
13.851205 0.123675
15.853151 0.123675
17.851128 0.123675
19.853601 0.123675
21.857816 0.123675
23.860681 0.123675
25.856803 0.123675
27.860648 0.123675
29.861695 0.123675
31.876528 0.123675
33.864744 0.123675
35.863495 0.123675
37.874316 0.123675
39.867431 0.123675
41.880051 0.123675
43.880545 0.123675
45.873025 0.123675
48.137422 0.123675
50.290414 0.123675
52.289021 0.123675
54.298251 0.123675
56.300930 0.123675
58.291471 0.123675
60.292412 0.123675
62.289380 0.123675
64.296562 0.123675
66.295795 0.123675
68.302069 0.123675
70.299847 0.123675
72.297025 0.123675
74.306558 0.123675
76.300707 0.123675
78.308018 0.123675
80.319262 0.123675
82.318596 0.123675
84.317338 0.123675
86.314516 0.123675
