0.000000 0.113003
0.250000 0.000000
0.500000 0.010864
0.750000 29.635285
1.000000 30.395033
1.250000 15.140785
1.500000 15.151649
1.750000 15.910230
2.000000 15.173416
2.250000 15.931996
2.500000 15.195183
2.750000 15.206047
3.000000 16.084847
3.250000 16.843428
3.500000 17.602008
3.750000 15.967328
4.000000 16.725908
4.250000 15.974454
4.500000 15.985318
4.750000 16.743898
5.000000 15.992444
5.250000 17.592566
5.500000 15.247215
5.750000 21.354547
6.000000 17.697443
6.250000 17.707304
6.500000 18.465949
6.750000 19.224594
7.000000 19.983239
7.250000 20.741884
7.500000 18.465598
7.750000 19.224243
8.000000 19.982888
8.250000 20.741533
8.500000 19.601247
8.750000 20.044134
9.000000 39.713059
9.250000 53.700747
9.500000 54.459328
9.750000 55.217908
10.000000 55.976488
10.250000 23.084146
10.500000 23.842727
10.750000 204.021980
11.000000 204.780560
11.250000 205.539206
11.500000 27.404291
11.750000 26.766068
12.000000 27.524714
12.250000 28.283359
12.500000 128.330873
12.750000 129.133299
13.000000 29.349010
13.250000 40.816401
13.500000 41.575047
13.750000 42.333692
14.000000 43.092337
14.250000 30.767545
14.500000 31.526190
14.750000 32.284835
15.000000 33.043480
15.250000 33.802125
15.500000 34.560770
15.750000 35.319415
16.000000 36.078060
16.250000 31.514688
16.500000 32.273334
16.750000 33.031979
17.000000 33.790624
17.250000 30.752019
17.500000 85.533027
17.750000 86.291672
18.000000 87.050317
18.250000 87.808962
18.500000 88.567607
18.750000 89.326252
19.000000 143.298594
19.250000 33.726955
19.500000 35.483395
19.750000 99.424526
20.000000 100.183496
20.250000 100.942076
20.500000 139.586137
20.750000 67.217613
21.000000 67.976193
21.250000 68.994951
21.500000 38.976953
21.750000 39.735533
22.000000 40.494113
22.250000 41.252693
22.500000 42.011273
22.750000 42.769854
23.000000 43.528434
23.250000 44.467344
23.500000 45.225924
23.750000 45.984505
24.000000 39.715498
24.250000 40.474078
24.500000 41.232658
24.750000 41.991239
25.000000 42.749819
25.250000 43.508399
25.500000 44.266979
25.750000 45.025559
26.000000 45.784140
26.250000 46.542720
26.500000 47.301300
26.750000 39.688978
27.000000 40.447558
27.250000 41.206139
27.500000 41.964719
27.750000 42.723299
28.000000 43.481879
28.250000 44.240459
28.500000 44.999040
28.750000 38.911355
29.000000 38.922219
29.250000 39.680799
29.500000 40.439380
29.750000 41.197960
30.000000 41.956540
30.250000 42.715120
30.500000 43.473701
30.750000 44.232281
31.000000 44.990861
31.250000 38.902337
31.500000 39.660917
31.750000 40.419497
32.000000 41.178078
32.250000 41.936658
32.500000 42.695238
32.750000 43.489884
33.000000 44.248465
33.250000 45.007045
33.500000 45.765625
33.750000 46.524205
34.000000 39.637907
34.250000 38.886453
34.500000 39.645033
