0.000000 0.000000
0.250000 0.102289
0.500000 0.102289
0.750000 0.102289
1.000000 0.102289
1.250000 0.102289
1.500000 0.102289
1.750000 0.102289
2.000000 0.102289
2.250000 0.102289
2.500000 0.102289
2.750000 0.102289
3.000000 0.102289
3.250000 0.102289
3.500000 0.102289
3.750000 0.102289
4.000000 0.102289
4.250000 0.102289
4.500000 0.102289
4.750000 0.102289
5.000000 0.102289
5.250000 0.102289
5.500000 0.102289
5.750000 0.102289
6.000000 0.102289
6.250000 0.102289
6.500000 0.102289
6.750000 0.102289
7.000000 0.102289
7.250000 0.102289
7.500000 0.102289
7.750000 0.102289
8.000000 0.102289
8.250000 0.102289
8.500000 0.102289
8.750000 0.102289
9.000000 0.102289
9.250000 0.102289
9.500000 0.102289
9.750000 0.102289
10.000000 0.102289
10.250000 0.102289
10.500000 0.102289
10.750000 0.102289
11.000000 0.102289
11.250000 0.102289
11.500000 0.102289
11.750000 0.102289
12.000000 0.102289
12.250000 0.102289
12.500000 0.102289
12.750000 0.102289
13.000000 0.102289
13.250000 0.102289
13.500000 0.102289
13.750000 0.102289
14.000000 0.102289
14.250000 0.102289
14.500000 0.102289
14.750000 0.102289
15.000000 0.102289
15.250000 0.102289
15.500000 0.102289
15.750000 0.102289
16.000000 0.102289
16.250000 0.102289
16.500000 0.102289
16.750000 0.102289
17.000000 0.102289
17.250000 0.102289
17.500000 0.102289
17.750000 0.102289
18.000000 0.102289
18.250000 0.102289
18.500000 0.102289
18.750000 0.102289
19.000000 0.102289
19.250000 0.102289
19.500000 0.102289
19.750000 0.102289
20.000000 0.102289
20.250000 0.102289
20.500000 0.160434
20.750000 0.245543
21.000000 0.245543
21.250000 0.245543
21.500000 0.245543
21.750000 0.245543
22.000000 0.245543
22.250000 0.245543
22.500000 0.292061
22.750000 0.292061
23.000000 0.292061
23.250000 0.292061
23.500000 0.292061
23.750000 0.292061
24.000000 0.300184
24.250000 0.338723
24.500000 0.338723
24.750000 0.338723
25.000000 0.338723
25.250000 0.338723
25.500000 0.338723
25.750000 0.338723
26.000000 0.338723
26.250000 0.338723
26.500000 0.338723
26.750000 0.338723
27.000000 0.338723
27.250000 0.338723
27.500000 0.338723
27.750000 0.338723
28.000000 0.338723
28.250000 0.338723
28.500000 0.338723
28.750000 0.338723
29.000000 0.338723
29.250000 0.338723
29.500000 0.338723
29.750000 0.338723
30.000000 0.338723
30.250000 0.338723
30.500000 0.338723
30.750000 0.338723
31.000000 0.338723
31.250000 0.338723
31.500000 0.338723
31.750000 0.338723
32.000000 0.338723
32.250000 0.338723
32.500000 0.338723
32.750000 0.338723
33.000000 0.338723
33.250000 0.338723
33.500000 0.338723
33.750000 0.338723
34.000000 0.338723
34.250000 0.338723
34.500000 0.338723
34.750000 0.338723
35.000000 0.338723
35.250000 0.338723
35.500000 0.338723
35.750000 0.338723
36.000000 0.338723
36.250000 0.338723
36.500000 0.338723
36.750000 0.338723
37.000000 0.338723
37.250000 0.338723
37.500000 0.338723
37.750000 0.338723
38.000000 0.338723
38.250000 0.338723
38.500000 0.338723
38.750000 0.338723
39.000000 0.338723
39.250000 0.338723
39.500000 0.338723
39.750000 0.338723
40.000000 0.338723
40.250000 0.338723
40.500000 0.338723
40.750000 0.338723
41.000000 0.349011
41.250000 0.349011
41.500000 0.349011
41.750000 0.349011
42.000000 0.349011
42.250000 0.349011
42.500000 0.349011
42.750000 0.349011
43.000000 0.349011
43.250000 0.349011
43.500000 0.349011
43.750000 0.400885
44.000000 0.400885
44.250000 0.400885
44.500000 0.400885
44.750000 0.400885
45.000000 0.400885
45.250000 0.400885
45.500000 0.400885
45.750000 0.400885
46.000000 0.400885
46.250000 0.400885
46.500000 0.400885
46.750000 0.400885
47.000000 0.400885
47.250000 0.400885
47.500000 0.400885
47.750000 0.400885
48.000000 0.400885
48.250000 0.400885
48.500000 0.400885
48.750000 0.400885
49.000000 0.400885
49.250000 0.400885
49.500000 0.400885
49.750000 0.400885
50.000000 0.400885
50.250000 0.400885
50.500000 0.400885
50.750000 0.400885
51.000000 0.400885
51.250000 0.400885
51.500000 0.400885
51.750000 0.400885
52.000000 0.400885
52.250000 0.400885
52.500000 0.400885
52.750000 0.400885
53.000000 0.400885
53.250000 0.400885
53.500000 0.400885
53.750000 0.400885
54.000000 0.400885
54.250000 0.400885
54.500000 0.400885
54.750000 0.400885
55.000000 0.400885
55.250000 0.400885
55.500000 0.400885
55.750000 0.400885
56.000000 0.400885
56.250000 0.400885
56.500000 0.400885
56.750000 0.400885
