0.000000 0.555192
0.250000 1.214808
0.500000 1.105452
0.750000 1.156412
1.000000 1.376776
1.250000 1.594160
1.500000 0.327576
1.750000 1.216952
2.000000 1.059864
2.250000 1.182464
2.500000 1.011704
2.750000 1.096152
3.000000 1.125064
3.250000 1.219260
3.500000 1.056064
3.750000 1.208304
4.000000 1.065524
4.250000 1.093140
4.500000 1.093668
4.750000 1.173936
5.000000 1.034608
5.250000 1.081348
5.500000 1.057332
5.750000 1.074772
6.000000 1.068348
6.250000 1.084748
6.500000 1.546604
6.750000 0.547864
7.000000 1.154568
7.250000 1.038596
7.500000 1.076572
7.750000 1.055548
8.000000 1.057580
8.250000 1.063228
8.500000 1.067604
8.750000 1.056408
9.000000 1.067544
9.250000 1.121716
9.500000 1.070856
9.750000 1.153484
10.000000 1.185792
10.250000 1.204748
10.500000 0.997836
10.750000 1.157336
11.000000 1.140708
11.250000 1.081432
11.500000 1.117024
11.750000 1.148620
12.000000 1.121004
12.250000 1.122012
12.500000 1.156548
12.750000 1.119700
13.000000 1.133260
13.250000 1.354692
