0.000000 0.000000
0.250000 0.183643
0.500000 0.183643
0.750000 0.183643
1.000000 0.183643
1.250000 0.183643
1.500000 0.183643
1.750000 0.183643
2.000000 0.183643
2.250000 0.183643
2.500000 0.183643
2.750000 0.183643
3.000000 0.183643
3.250000 0.183643
3.500000 0.183643
3.750000 0.183643
4.000000 0.183643
4.250000 0.183643
4.500000 0.183643
4.750000 0.183643
5.000000 0.183643
5.250000 0.183643
5.500000 0.183643
5.750000 0.183643
6.000000 0.183643
6.250000 0.183643
6.500000 0.183643
6.750000 0.183643
7.000000 0.183643
7.250000 0.183643
7.500000 0.183643
7.750000 0.183643
8.000000 0.183643
8.250000 0.183643
8.500000 0.183643
8.750000 0.183643
9.000000 0.183643
9.250000 0.183643
9.500000 0.183643
9.750000 0.183643
10.000000 0.183643
10.250000 0.183643
10.500000 0.183643
10.750000 0.183643
11.000000 0.183643
11.250000 0.183643
11.500000 0.183643
11.750000 0.183643
12.000000 0.183643
12.250000 0.183643
12.500000 0.183643
12.750000 0.183643
13.000000 0.183643
13.250000 0.183643
13.500000 0.183643
13.750000 0.183643
14.000000 0.183643
14.250000 0.183643
14.500000 0.183643
14.750000 0.183643
15.000000 0.183643
15.250000 0.183643
15.500000 0.183643
15.750000 0.183643
16.000000 0.183643
16.250000 0.183643
16.500000 0.183643
16.750000 0.183643
17.000000 0.183643
17.250000 0.183643
17.500000 0.183643
17.750000 0.183643
18.000000 0.183643
18.250000 0.183643
18.500000 0.183643
18.750000 0.183643
19.000000 0.183643
19.250000 0.183643
19.500000 0.183643
