0.000000 0.000000
0.250000 0.014577
0.500000 0.051301
0.750000 0.051301
1.000000 0.051301
1.250000 0.051301
1.500000 0.051301
1.750000 0.051301
2.000000 0.051301
2.250000 0.051301
2.500000 0.051301
2.750000 0.051301
3.000000 0.051301
3.250000 0.051301
3.500000 0.051301
3.750000 0.051301
4.000000 0.051301
4.250000 0.051301
4.500000 0.051301
4.750000 0.051301
5.000000 0.051301
5.250000 0.051301
5.500000 0.051301
5.750000 0.051301
6.000000 0.051301
6.250000 0.051301
6.500000 0.051301
6.750000 0.051301
7.000000 0.051301
7.250000 0.051301
7.500000 0.051301
7.750000 0.051301
8.000000 0.051301
8.250000 0.051301
8.500000 0.051301
8.750000 0.051301
9.000000 0.051301
9.250000 0.051301
9.500000 0.051301
9.750000 0.051301
10.000000 0.051301
10.250000 0.051301
10.500000 0.051301
10.750000 0.051301
11.000000 0.051301
11.250000 0.051301
11.500000 0.051301
11.750000 0.051301
12.000000 0.051301
12.250000 0.051301
12.500000 0.051301
12.750000 0.051301
13.000000 0.051301
13.250000 0.051301
13.500000 0.051301
