0.000000 0.000000
0.250000 0.069489
0.500000 0.069489
0.750000 0.069489
1.000000 0.069489
1.250000 0.069489
1.500000 0.069489
1.750000 30.681376
2.000000 18.802418
2.250000 48.728774
2.500000 11.758844
2.750000 11.758844
3.000000 11.758844
3.250000 11.758844
3.500000 11.758844
3.750000 11.758844
4.000000 11.758844
4.250000 11.758844
4.500000 11.758844
4.750000 11.758844
5.000000 11.758844
5.250000 11.758844
5.500000 11.758844
5.750000 11.758844
6.000000 11.758844
6.250000 11.758844
6.500000 11.758844
6.750000 11.758844
7.000000 11.758844
7.250000 11.758844
7.500000 11.758844
7.750000 11.758844
8.000000 11.758844
8.250000 11.758844
8.500000 11.758844
8.750000 11.758844
9.000000 11.758844
9.250000 11.758844
9.500000 11.758844
9.750000 11.758844
10.000000 11.758844
10.250000 11.758844
10.500000 11.758844
10.750000 11.758844
11.000000 11.758844
11.250000 11.758844
11.500000 11.758844
11.750000 11.758844
12.000000 11.758844
12.250000 11.758844
12.500000 11.758844
12.750000 11.758844
13.000000 11.758844
13.250000 11.758844
13.500000 11.758844
13.750000 11.758844
14.000000 11.758844
14.250000 11.758844
14.500000 11.758844
14.750000 11.758844
15.000000 11.758844
15.250000 11.758844
15.500000 11.758844
15.750000 11.758844
16.000000 11.758844
16.250000 11.758844
16.500000 11.758844
16.750000 11.758844
17.000000 11.758844
17.250000 11.758844
17.500000 11.758844
17.750000 11.758844
18.000000 11.758844
18.250000 11.758844
18.500000 11.758844
18.750000 11.758844
19.000000 11.758844
19.250000 11.758844
19.500000 11.758844
19.750000 11.758844
20.000000 11.758844
20.250000 11.758844
20.500000 11.758844
20.750000 11.758844
21.000000 11.758844
21.250000 11.758844
21.500000 11.758844
21.750000 11.758844
22.000000 11.758844
22.250000 11.758844
22.500000 11.758844
22.750000 11.758844
23.000000 11.758844
23.250000 11.758844
23.500000 11.758844
23.750000 11.758844
24.000000 11.758844
24.250000 11.758844
24.500000 11.758844
24.750000 11.758844
25.000000 11.758844
25.250000 11.758844
25.500000 11.758844
25.750000 11.758844
26.000000 11.758844
26.250000 11.758844
26.500000 11.758844
26.750000 11.758844
27.000000 11.758844
27.250000 11.758844
27.500000 11.758844
27.750000 11.758844
28.000000 11.758844
28.250000 11.758844
28.500000 11.758844
28.750000 11.758844
29.000000 11.758844
29.250000 11.758844
29.500000 11.758844
29.750000 11.758844
30.000000 11.758844
30.250000 11.758844
30.500000 11.758844
30.750000 11.758844
31.000000 11.758844
31.250000 11.758844
31.500000 11.758844
31.750000 11.758844
32.000000 11.758844
32.250000 11.758844
32.500000 11.758844
32.750000 11.758844
33.000000 11.758844
33.250000 11.758844
33.500000 11.758844
33.750000 11.758844
34.000000 11.758844
34.250000 11.758844
34.500000 11.758844
34.750000 11.758844
35.000000 11.758844
35.250000 11.758844
35.500000 11.758844
