0.000000 0.000000
0.250000 0.124500
0.500000 0.124500
0.750000 0.124500
1.000000 0.124500
1.250000 0.124500
1.500000 0.124500
1.750000 0.124500
2.000000 0.124500
2.250000 0.124500
2.500000 0.124500
2.750000 0.124500
3.000000 0.124500
3.250000 0.124500
3.500000 0.124500
3.750000 0.124500
4.000000 0.124500
4.250000 0.124500
4.500000 0.124500
4.750000 0.124500
5.000000 0.124500
5.250000 0.124500
5.500000 0.124500
5.750000 0.124500
6.000000 0.124500
6.250000 0.124500
6.500000 0.124500
6.750000 0.124500
7.000000 0.124500
7.250000 0.124500
7.500000 0.124500
7.750000 0.124500
8.000000 0.124500
8.250000 0.124500
8.500000 0.124500
8.750000 0.124500
9.000000 0.124500
9.250000 0.124500
9.500000 0.124500
9.750000 0.124500
10.000000 0.124500
10.250000 0.124500
10.500000 0.124500
10.750000 0.124500
11.000000 0.124500
11.250000 0.124500
11.500000 0.124500
11.750000 0.124500
12.000000 0.124500
12.250000 0.124500
12.500000 0.124500
12.750000 0.124500
13.000000 0.124500
13.250000 0.124500
13.500000 0.124500
13.750000 0.124500
14.000000 0.124500
14.250000 0.124500
14.500000 0.124500
14.750000 0.124500
15.000000 0.124500
15.250000 0.124500
15.500000 0.124500
15.750000 0.124500
16.000000 0.124500
16.250000 0.124500
16.500000 0.124500
16.750000 0.124500
17.000000 0.124500
17.250000 0.124500
17.500000 0.124500
17.750000 0.124500
18.000000 0.124500
18.250000 0.124500
18.500000 0.124500
18.750000 0.124500
19.000000 0.124500
19.250000 0.124500
19.500000 0.124500
19.750000 0.124500
20.000000 0.124500
20.250000 0.124500
20.500000 0.124500
20.750000 0.124500
21.000000 0.124500
21.250000 0.124500
21.500000 0.124500
21.750000 0.124500
22.000000 0.124500
22.250000 0.124500
22.500000 0.124500
22.750000 0.124500
23.000000 0.124500
23.250000 0.124500
23.500000 0.124500
23.750000 0.124500
24.000000 0.124500
24.250000 0.124500
24.500000 0.124500
24.750000 0.124500
25.000000 0.124500
25.250000 0.124500
25.500000 0.124500
25.750000 0.124500
26.000000 0.124500
26.250000 0.124500
26.500000 0.124500
26.750000 0.124500
27.000000 0.124500
27.250000 0.124500
27.500000 0.124500
27.750000 0.124500
28.000000 0.124500
28.250000 0.124500
28.500000 0.124500
28.750000 0.124500
29.000000 0.124500
29.250000 0.124500
29.500000 0.124500
29.750000 0.124500
30.000000 0.124500
30.250000 0.124500
30.500000 0.124500
30.750000 0.124500
31.000000 0.124500
31.250000 0.124500
31.500000 0.124500
31.750000 0.124500
32.000000 0.124500
32.250000 0.124500
32.500000 0.124500
32.750000 0.124500
33.000000 0.124500
33.250000 0.124500
33.500000 0.124500
33.750000 0.124500
34.000000 0.124500
34.250000 0.124500
34.500000 0.124500
34.750000 0.124500
35.000000 0.124500
35.250000 0.124500
35.500000 0.124500
35.750000 0.124500
36.000000 0.124500
36.250000 0.124500
36.500000 0.124500
36.750000 0.124500
37.000000 0.124500
37.250000 0.124500
37.500000 0.124500
37.750000 0.124500
38.000000 0.124500
38.250000 0.124500
38.500000 0.124500
38.750000 0.124500
39.000000 0.124500
39.250000 0.124500
39.500000 0.124500
39.750000 0.124500
40.000000 0.124500
40.250000 0.124500
40.500000 0.124500
40.750000 0.124500
41.000000 0.124500
41.250000 0.124500
41.500000 0.124500
41.750000 0.124500
42.000000 0.124500
42.250000 0.124500
42.500000 0.124500
42.750000 0.124500
43.000000 0.124500
43.250000 0.124500
43.500000 0.124500
43.750000 0.124500
44.000000 0.124500
44.250000 0.124500
44.500000 0.124500
44.750000 0.124500
45.000000 0.124500
45.250000 0.124500
45.500000 0.124500
45.750000 0.124500
46.000000 0.124500
46.250000 0.124500
46.500000 0.124500
46.750000 0.124500
47.000000 0.124500
47.250000 0.124500
47.500000 0.124500
47.750000 0.124500
48.000000 0.124500
48.250000 0.124500
48.500000 0.124500
48.750000 0.124500
49.000000 0.124500
49.250000 0.124500
49.500000 0.124500
49.750000 0.124500
50.000000 0.124500
50.250000 0.124500
50.500000 0.124500
50.750000 0.124500
51.000000 0.124500
51.250000 0.124500
51.500000 0.124500
51.750000 0.124500
52.000000 0.124500
52.250000 0.124500
52.500000 0.124500
52.750000 0.124500
53.000000 0.124500
53.250000 0.124500
53.500000 0.124500
53.750000 0.124500
54.000000 0.124500
54.250000 0.124500
54.500000 0.124500
54.750000 0.124500
55.000000 0.124500
55.250000 0.124500
55.500000 0.124500
55.750000 0.124500
56.000000 0.124500
56.250000 0.124500
56.500000 0.124500
56.750000 0.124500
