0.000000 0.000000
0.250000 0.153919
0.500000 0.168138
0.750000 0.427554
1.000000 0.921273
1.250000 0.896287
1.500000 0.910848
1.750000 0.925408
2.000000 0.939969
2.250000 0.954530
2.500000 0.530395
2.750000 0.544955
3.000000 0.559516
3.250000 0.574077
3.500000 0.588637
3.750000 0.603198
4.000000 0.617759
4.250000 1.071015
4.500000 1.085576
4.750000 1.100137
5.000000 0.663617
5.250000 0.917039
5.500000 1.146450
5.750000 1.161011
6.000000 1.175571
6.250000 0.751436
6.500000 1.204693
6.750000 1.219254
7.000000 1.233814
7.250000 1.248375
7.500000 1.262936
7.750000 1.277496
8.000000 0.853361
8.250000 0.867922
8.500000 1.321178
8.750000 1.335739
9.000000 0.911604
9.250000 0.926165
9.500000 0.940725
9.750000 0.955286
10.000000 0.969847
10.250000 1.423103
10.500000 0.998968
10.750000 1.013529
11.000000 1.028090
11.250000 1.481346
11.500000 1.495907
11.750000 1.510468
12.000000 1.525028
12.250000 1.539589
12.500000 1.554150
12.750000 1.568710
13.000000 1.583271
13.250000 1.597832
13.500000 1.612392
13.750000 1.626953
14.000000 1.202818
14.250000 1.656075
14.500000 1.670635
14.750000 1.685196
15.000000 1.261061
15.250000 1.275621
15.500000 1.290182
15.750000 1.743439
16.000000 1.757999
16.250000 1.772560
16.500000 1.348425
16.750000 1.362986
17.000000 1.377546
17.250000 1.392107
17.500000 1.406668
17.750000 1.421228
18.000000 1.435789
18.250000 1.450350
18.500000 1.464911
18.750000 1.479471
19.000000 1.494032
19.250000 1.508593
19.500000 1.523153
19.750000 1.976410
20.000000 1.990971
20.250000 1.566835
20.500000 2.020092
20.750000 1.595957
21.000000 1.610518
21.250000 1.625078
21.500000 1.639639
21.750000 1.654200
22.000000 2.107456
22.250000 2.122017
22.500000 1.697882
22.750000 1.712481
23.000000 2.165737
23.250000 1.741602
23.500000 1.970179
23.750000 1.789273
24.000000 1.803834
24.250000 1.818395
24.500000 1.832955
24.750000 1.847516
25.000000 1.862077
25.250000 1.876740
25.500000 1.891301
25.750000 1.905965
26.000000 1.942677
26.250000 1.957314
26.500000 2.410570
26.750000 1.986435
27.000000 2.000996
27.250000 2.040937
27.500000 2.473424
27.750000 2.049289
28.000000 2.063849
28.250000 2.078410
28.500000 2.099075
28.750000 2.118781
29.000000 2.142026
29.250000 2.177324
29.500000 2.633234
29.750000 2.206522
30.000000 2.221083
30.250000 2.674339
30.500000 2.250204
30.750000 2.291140
31.000000 2.305815
31.250000 2.759071
31.500000 2.773632
31.750000 2.354604
32.000000 2.369203
32.250000 2.822459
32.500000 2.406970
32.750000 2.862880
33.000000 2.444814
33.250000 2.459451
33.500000 2.912707
33.750000 2.488572
34.000000 2.941829
34.250000 2.517694
34.500000 2.532254
34.750000 2.546815
35.000000 3.000072
35.250000 3.014632
35.500000 3.029193
35.750000 3.043754
36.000000 3.058314
36.250000 2.634179
36.500000 2.648740
36.750000 2.820333
37.000000 2.696972
37.250000 3.150229
37.500000 2.732518
37.750000 2.747117
38.000000 2.761678
38.250000 3.214934
38.500000 2.790799
38.750000 2.811030
39.000000 2.830736
39.250000 2.853981
39.500000 2.881045
39.750000 3.338800
40.000000 2.910281
40.250000 2.924842
40.500000 2.955375
40.750000 2.975210
41.000000 2.989809
41.250000 3.004370
41.500000 3.457626
41.750000 3.033491
42.000000 3.048052
42.250000 3.062613
42.500000 3.077173
42.750000 3.091734
43.000000 3.106295
43.250000 3.120855
43.500000 3.135340
43.750000 3.588596
44.000000 3.603157
44.250000 3.617718
44.500000 3.193583
44.750000 3.208143
45.000000 3.222704
45.250000 3.237265
45.500000 3.251825
45.750000 3.705082
46.000000 3.280947
46.250000 3.734203
46.500000 3.748764
46.750000 3.763325
47.000000 3.777885
47.250000 3.792446
47.500000 3.807007
47.750000 3.821568
48.000000 3.836128
48.250000 3.411993
48.500000 3.426554
48.750000 3.441114
49.000000 3.455675
49.250000 3.470236
49.500000 3.484797
49.750000 3.938053
50.000000 3.952614
50.250000 3.967175
50.500000 3.530552
50.750000 3.545113
51.000000 3.998369
51.250000 4.012930
51.500000 3.588795
51.750000 4.042051
52.000000 4.056612
52.250000 4.071173
52.500000 4.085733
52.750000 3.661598
53.000000 3.676159
53.250000 4.129416
53.500000 3.705280
53.750000 4.158537
54.000000 3.734402
54.250000 4.187658
54.500000 4.202219
54.750000 4.216780
55.000000 4.231340
55.250000 4.245901
55.500000 4.260462
55.750000 4.275023
56.000000 3.850887
56.250000 3.865448
56.500000 4.318705
56.750000 4.333265
