0.000000 0.000000
0.250000 0.145848
0.500000 0.145848
0.750000 0.145848
1.000000 0.163653
1.250000 0.181458
1.500000 0.181458
1.750000 0.181458
2.000000 0.181458
2.250000 0.181458
2.500000 0.181458
2.750000 0.181458
3.000000 0.181458
3.250000 0.181458
3.500000 0.181458
3.750000 0.181458
4.000000 0.181458
4.250000 0.181458
4.500000 0.181458
4.750000 0.181458
5.000000 0.181458
5.250000 0.181458
5.500000 0.181458
5.750000 0.181458
6.000000 0.181458
6.250000 0.181458
6.500000 0.181458
6.750000 0.181458
7.000000 0.181458
7.250000 0.181458
7.500000 0.181458
7.750000 0.181458
8.000000 0.181458
8.250000 0.181458
8.500000 0.181458
8.750000 0.181458
9.000000 0.181458
9.250000 0.181458
9.500000 0.181458
9.750000 0.181458
10.000000 0.181458
10.250000 0.181458
10.500000 0.181458
10.750000 0.181458
11.000000 0.181458
11.250000 0.181458
11.500000 0.181458
11.750000 0.181458
12.000000 0.181458
12.250000 0.181458
12.500000 0.181458
12.750000 0.181458
13.000000 0.181458
13.250000 0.181458
13.500000 0.181458
13.750000 0.181458
14.000000 0.181458
14.250000 0.181458
14.500000 0.181458
14.750000 0.181458
15.000000 0.181458
15.250000 0.181458
15.500000 0.181458
15.750000 0.181458
16.000000 0.181458
16.250000 0.181458
16.500000 0.181458
16.750000 0.181458
17.000000 0.181458
17.250000 0.181458
17.500000 0.181458
17.750000 0.181458
18.000000 0.181458
18.250000 0.181458
18.500000 0.181458
18.750000 0.181458
19.000000 0.181458
19.250000 0.181458
19.500000 0.181458
19.750000 0.181458
20.000000 0.181458
20.250000 0.181458
20.500000 0.181458
20.750000 0.181458
21.000000 0.181458
21.250000 0.181458
21.500000 0.181458
21.750000 0.181458
22.000000 0.181458
22.250000 0.181458
22.500000 0.181458
22.750000 0.181458
23.000000 0.181458
23.250000 0.181458
23.500000 0.181458
23.750000 0.181458
24.000000 0.181458
24.250000 0.181458
24.500000 0.181458
24.750000 0.181458
25.000000 0.181458
25.250000 0.181458
25.500000 0.181458
25.750000 0.181458
26.000000 0.181458
26.250000 0.181458
26.500000 0.181458
26.750000 0.181458
27.000000 0.181458
27.250000 0.181458
27.500000 0.181458
27.750000 0.181458
28.000000 0.181458
28.250000 0.181458
28.500000 0.181458
28.750000 0.181458
29.000000 0.181458
29.250000 0.181458
29.500000 0.181458
29.750000 0.181458
30.000000 0.181458
30.250000 0.181458
30.500000 0.181458
30.750000 0.181458
31.000000 0.181458
31.250000 0.181458
31.500000 0.181458
31.750000 0.181458
32.000000 0.181458
32.250000 0.181458
32.500000 0.181458
32.750000 0.181458
33.000000 0.181458
33.250000 0.181458
33.500000 0.181458
33.750000 0.181458
34.000000 0.181458
34.250000 0.181458
34.500000 0.181458
