0.000000 0.000000
0.250000 0.108809
0.500000 0.108809
0.750000 0.108809
1.000000 0.108809
1.250000 0.108809
1.500000 0.108809
1.750000 0.108809
2.000000 0.108809
2.250000 0.108809
2.500000 0.108809
2.750000 0.108809
3.000000 0.108809
3.250000 0.108809
3.500000 0.108809
3.750000 0.108809
4.000000 0.108809
4.250000 0.108809
4.500000 0.108809
4.750000 0.108809
5.000000 0.108809
5.250000 0.108809
5.500000 0.108809
5.750000 0.108809
6.000000 0.108809
6.250000 0.108809
6.500000 0.108809
6.750000 0.108809
7.000000 0.108809
7.250000 0.108809
7.500000 0.108809
7.750000 0.108809
8.000000 0.108809
8.250000 0.108809
8.500000 0.108809
8.750000 0.108809
9.000000 0.108809
9.250000 0.108809
9.500000 0.108809
9.750000 0.108809
10.000000 0.108809
10.250000 0.108809
10.500000 0.108809
10.750000 0.108809
11.000000 0.108809
11.250000 0.108809
11.500000 0.108809
11.750000 0.108809
12.000000 0.108809
12.250000 0.108809
12.500000 0.108809
12.750000 0.108809
13.000000 0.108809
13.250000 0.108809
13.500000 0.108809
13.750000 0.108809
14.000000 0.108809
14.250000 0.108809
14.500000 0.108809
14.750000 0.108809
15.000000 0.108809
15.250000 0.108809
15.500000 0.108809
15.750000 0.108809
16.000000 0.108809
16.250000 0.108809
16.500000 0.108809
16.750000 0.108809
17.000000 0.108809
17.250000 0.108809
17.500000 0.108809
17.750000 0.108809
18.000000 0.108809
18.250000 0.108809
18.500000 0.108809
18.750000 0.108809
19.000000 0.108809
19.250000 0.108809
19.500000 0.108809
19.750000 0.108809
20.000000 0.108809
20.250000 0.108809
20.500000 0.108809
20.750000 0.108809
21.000000 0.108809
21.250000 11.759972
21.500000 0.260520
21.750000 0.260520
22.000000 0.260520
22.250000 0.260520
22.500000 0.260520
22.750000 0.260520
23.000000 0.260520
23.250000 0.260520
23.500000 0.260520
23.750000 0.260520
24.000000 0.260520
24.250000 0.260520
24.500000 0.260520
24.750000 0.260520
25.000000 0.260520
25.250000 0.260520
25.500000 0.260520
25.750000 0.260520
26.000000 0.260520
26.250000 0.260520
26.500000 0.260520
26.750000 0.260520
27.000000 0.260520
27.250000 0.260520
27.500000 0.260520
27.750000 0.260520
28.000000 0.260520
28.250000 0.260520
28.500000 0.260520
28.750000 0.260520
29.000000 0.260520
29.250000 0.260520
29.500000 0.260520
29.750000 0.260520
30.000000 0.260520
30.250000 0.260520
30.500000 0.260520
30.750000 0.260520
31.000000 0.260520
31.250000 0.260520
31.500000 0.260520
31.750000 0.260520
32.000000 0.260520
32.250000 0.260520
32.500000 0.260520
32.750000 0.260520
33.000000 0.260520
33.250000 0.260520
33.500000 0.260520
33.750000 0.260520
34.000000 0.260520
34.250000 0.260520
34.500000 0.260520
34.750000 0.260520
35.000000 0.260520
35.250000 0.260520
35.500000 0.260520
35.750000 0.260520
36.000000 0.260520
