0.000000 0.000000
0.250000 0.045014
0.500000 0.045014
0.750000 0.045014
1.000000 0.045014
1.250000 0.045014
1.500000 0.045014
1.750000 0.045014
2.000000 0.045014
2.250000 0.045014
2.500000 0.045014
2.750000 0.045014
3.000000 0.045014
3.250000 0.045014
3.500000 0.045014
3.750000 0.045014
4.000000 0.045014
4.250000 0.045014
4.500000 0.045014
4.750000 0.045014
5.000000 0.045014
5.250000 0.045014
5.500000 0.045014
5.750000 0.045014
6.000000 0.045014
6.250000 0.045014
6.500000 0.045014
6.750000 0.045014
7.000000 0.045014
7.250000 0.045014
7.500000 0.045014
7.750000 0.045014
8.000000 0.045014
8.250000 0.045014
8.500000 0.045014
8.750000 0.045014
9.000000 0.045014
9.250000 0.045014
9.500000 0.045014
9.750000 0.045014
10.000000 0.045014
10.250000 0.045014
10.500000 0.045014
10.750000 0.045014
11.000000 0.045014
11.250000 0.045014
11.500000 0.045014
11.750000 0.045014
12.000000 0.045014
12.250000 0.045014
12.750000 0.045014
13.000000 0.045014
13.250000 0.045014
13.500000 0.045014
