0.000000 0.000000
0.250000 0.157152
0.500000 0.157152
0.750000 0.157152
1.000000 0.157152
1.250000 0.157152
1.500000 0.157152
1.750000 0.157152
2.000000 0.157152
2.250000 0.157152
2.500000 0.157152
2.750000 0.157152
3.000000 0.157152
3.250000 0.157152
3.500000 0.157152
3.750000 0.157152
4.000000 0.157152
4.250000 0.157152
4.500000 0.157152
4.750000 0.191969
5.000000 0.222846
5.250000 0.245933
5.500000 0.245933
5.750000 0.245933
6.000000 0.245933
6.250000 0.245933
6.500000 0.245933
6.750000 0.245933
7.000000 0.245933
7.250000 0.245933
7.500000 0.245933
7.750000 0.245933
8.000000 0.245933
8.250000 0.245933
8.500000 0.245933
8.750000 0.268576
9.000000 0.268576
9.250000 0.268576
9.500000 0.268576
9.750000 0.268576
10.000000 0.268576
10.250000 0.268576
10.500000 0.268576
10.750000 0.268576
11.000000 0.268576
11.250000 0.268576
11.500000 0.268576
11.750000 0.268576
12.000000 0.268576
12.250000 0.268576
12.500000 0.268576
12.750000 0.291219
13.000000 0.291219
13.250000 0.291219
13.500000 0.291219
13.750000 0.291219
14.000000 0.291219
14.250000 0.291219
14.500000 0.291219
14.750000 0.291219
15.000000 0.291219
15.250000 0.291219
15.500000 0.291219
15.750000 0.291219
16.000000 0.291219
16.250000 0.291219
16.500000 0.291219
16.750000 0.291219
17.000000 0.291219
17.250000 0.291219
17.500000 0.291219
17.750000 0.291219
18.000000 0.291219
18.250000 0.291219
18.500000 0.291219
18.750000 0.291219
19.000000 0.291219
19.250000 0.313862
19.500000 0.313862
19.750000 0.313862
20.000000 0.313862
20.250000 0.313862
20.500000 0.313862
20.750000 0.313862
21.000000 0.313862
21.250000 0.412087
21.500000 0.412087
21.750000 0.412087
22.000000 0.412087
22.250000 0.412087
22.500000 0.412087
22.750000 0.412087
23.000000 0.412087
23.250000 0.412087
23.500000 0.412087
23.750000 0.412087
24.000000 0.412087
24.250000 0.412087
24.500000 0.412087
24.750000 0.412087
25.000000 0.412087
25.250000 0.412087
25.500000 0.412087
25.750000 0.412087
26.000000 0.412087
26.250000 0.412087
26.500000 0.412087
26.750000 0.412087
27.000000 0.412087
27.250000 0.412087
27.500000 0.412087
27.750000 0.412087
28.000000 0.412087
28.250000 0.412087
28.500000 0.412087
28.750000 0.412087
29.000000 0.412087
29.250000 0.412087
29.500000 0.412087
29.750000 0.412087
30.000000 0.412087
30.250000 0.412087
30.500000 0.412087
30.750000 0.412087
31.000000 0.412087
31.250000 0.412087
31.500000 0.412087
31.750000 0.412087
32.000000 0.412087
32.250000 0.412087
32.500000 0.412087
32.750000 0.412087
33.000000 0.412087
33.250000 0.412087
33.500000 0.412087
33.750000 0.412087
34.000000 0.412087
34.250000 0.412087
34.500000 0.412087
