0.033034 0.752678
1.895938 0.706159
3.879532 6.022146
5.918279 9.333553
7.889433 7.038693
9.880106 9.840047
11.893755 5.914267
13.879253 0.363235
15.883097 5.626778
17.938086 6.428861
19.902291 6.240451
21.897007 4.770710
23.883616 6.662543
25.882492 2.665134
27.882992 4.129598
29.903915 3.370915
31.883689 6.373039
33.905540 1.253627
35.886445 0.413262
37.895502 3.716849
39.884826 1.541088
41.910927 6.269646
43.911466 0.681998
45.888401 7.789933
47.910282 8.949253
49.914590 5.411967
51.905262 3.481766
53.898958 0.051553
55.912106 0.000000
57.922065 6.329343
59.898552 2.384275
61.898664 7.450600
63.916721 3.843898
65.923013 5.431924
67.925158 3.924848
69.925512 6.744598
71.938100 4.300158
73.924667 3.954207
75.951600 1.895718
77.950209 0.000000
79.944459 0.000000
81.943999 0.000000
83.945101 0.000000
85.944198 0.000000
87.944218 0.000000
89.943914 0.000000
91.927757 0.000000
93.945360 0.000000
95.945315 0.000000
97.946297 0.000000
99.949051 0.000000
101.931872 0.000000
103.950265 0.000000
105.950234 0.000000
107.957272 0.000000
109.940400 0.000000
111.934664 0.000000
113.933755 0.000000
115.953704 0.000000
117.956420 0.000000
119.938375 0.000000
121.942086 0.000000
123.961703 0.000000
125.939417 0.000000
127.943231 0.000000
129.943592 0.000000
131.944287 0.000000
133.955001 0.000000
