0.000000 0.000000
0.250000 0.011481
0.500000 0.011481
0.750000 0.011481
1.000000 0.011481
1.250000 0.011481
1.500000 0.011481
1.750000 0.011481
2.000000 0.011481
2.250000 0.011481
2.500000 0.011481
2.750000 0.011481
3.000000 0.011481
3.250000 0.011481
3.500000 0.011481
3.750000 0.011481
4.000000 0.011481
4.250000 0.011481
4.500000 0.011481
4.750000 0.011481
5.000000 0.011481
5.250000 0.011481
5.500000 0.011481
5.750000 0.011481
6.000000 0.011481
6.250000 0.011481
6.500000 0.011481
6.750000 0.011481
7.000000 0.011481
7.250000 0.011481
7.500000 0.011481
7.750000 0.011481
8.000000 0.011481
8.250000 0.011481
8.500000 0.011481
8.750000 0.011481
9.000000 0.011481
9.250000 0.011481
9.500000 0.011481
9.750000 0.011481
10.000000 0.011481
10.250000 0.011481
10.500000 0.011481
10.750000 0.011481
11.000000 0.011481
11.250000 0.011481
11.500000 0.011481
11.750000 0.011481
12.000000 0.011481
12.250000 0.011481
12.500000 0.011481
12.750000 0.011481
13.000000 0.011481
13.250000 0.011481
13.500000 0.011481
