0.000000 0.000000
0.250000 0.134136
0.500000 0.134136
0.750000 0.134136
1.000000 0.134136
1.250000 0.134136
1.500000 0.134136
1.750000 0.134136
2.000000 0.134136
2.250000 0.134136
2.500000 0.134136
2.750000 0.134136
3.000000 0.134136
3.250000 0.134136
3.500000 0.134136
3.750000 0.134136
4.000000 0.134136
4.250000 0.134136
4.500000 0.134136
4.750000 0.134136
5.000000 0.134136
5.250000 0.134136
5.500000 0.134136
5.750000 0.134136
6.000000 0.134136
6.250000 0.134136
6.500000 0.134136
6.750000 0.134136
7.000000 0.134136
7.250000 0.134136
7.500000 0.134136
7.750000 0.134136
8.000000 0.134136
8.250000 0.134136
8.500000 0.134136
8.750000 0.134136
9.000000 0.134136
9.250000 0.134136
9.500000 0.134136
9.750000 0.134136
10.000000 0.134136
10.250000 0.134136
10.500000 0.134136
10.750000 0.134136
11.000000 0.134136
11.250000 0.134136
11.500000 0.134136
11.750000 0.134136
12.000000 0.134136
12.250000 0.134136
12.500000 0.134136
12.750000 0.134136
13.000000 0.134136
13.250000 0.134136
13.500000 0.134136
13.750000 0.134136
14.000000 0.134136
14.250000 0.134136
14.500000 0.134136
14.750000 0.134136
15.000000 0.134136
15.250000 0.134136
15.500000 0.134136
15.750000 0.134136
16.000000 0.134136
16.250000 0.134136
16.500000 0.134136
16.750000 0.134136
17.000000 0.134136
17.250000 0.134136
17.500000 0.134136
17.750000 0.134136
18.000000 0.134136
18.250000 0.134136
18.500000 0.134136
18.750000 0.134136
19.000000 0.134136
19.250000 0.134136
19.500000 0.134136
19.750000 0.134136
20.000000 0.134136
20.250000 0.134136
20.500000 0.134136
20.750000 0.236588
21.000000 0.236588
21.250000 0.236588
21.500000 0.236588
21.750000 0.236588
22.000000 0.236588
22.250000 0.236588
22.500000 0.236588
22.750000 0.236588
23.000000 0.236588
23.250000 0.236588
23.500000 0.236588
23.750000 0.236588
24.000000 0.236588
24.500000 0.236588
24.750000 0.236588
25.000000 0.236588
25.250000 0.236588
25.500000 0.236588
25.750000 0.236588
26.000000 0.236588
26.250000 0.236588
26.500000 0.236588
26.750000 0.236588
27.000000 0.236588
27.250000 0.236588
27.500000 0.236588
27.750000 0.236588
28.000000 0.236588
28.250000 0.236588
28.500000 0.236588
28.750000 0.236588
29.000000 0.236588
29.250000 0.236588
29.500000 0.236588
29.750000 0.236588
30.000000 0.236588
30.250000 0.236588
30.500000 0.236588
30.750000 0.236588
31.000000 0.236588
31.250000 0.236588
31.500000 0.236588
31.750000 0.236588
32.000000 0.236588
32.250000 0.236588
32.500000 0.236588
32.750000 0.236588
33.000000 0.236588
33.250000 0.236588
33.500000 0.236588
33.750000 0.236588
34.000000 0.236588
34.250000 0.236588
34.500000 0.236588
34.750000 0.236588
35.000000 0.236588
35.250000 0.236588
35.500000 0.236588
35.750000 0.236588
36.000000 0.236588
36.250000 0.236588
36.500000 0.236588
36.750000 0.236588
37.000000 0.236588
37.250000 0.236588
37.500000 0.236588
37.750000 0.236588
38.000000 0.236588
38.250000 0.236588
38.500000 0.236588
38.750000 0.236588
39.000000 0.236588
39.250000 0.236588
39.500000 0.236588
39.750000 0.236588
40.000000 0.236588
40.250000 0.236588
40.500000 0.236588
40.750000 0.236588
41.000000 0.236588
41.250000 0.236588
41.500000 0.236588
41.750000 0.236588
42.000000 0.236588
42.250000 0.236588
42.500000 0.236588
42.750000 0.236588
43.000000 0.236588
43.250000 0.236588
43.500000 0.236588
43.750000 0.284238
44.000000 0.244228
44.250000 0.244228
44.500000 0.244228
44.750000 0.244228
45.000000 0.244228
45.250000 0.244228
45.500000 0.244228
45.750000 0.244228
46.000000 0.244228
46.250000 0.244228
46.500000 0.244228
46.750000 0.244228
47.000000 0.244228
48.750000 0.244228
49.000000 0.244228
49.250000 0.244228
49.500000 0.244228
49.750000 0.244228
50.000000 0.244228
50.250000 0.244228
50.500000 0.244228
50.750000 0.244228
51.000000 0.244228
51.250000 0.244228
51.500000 0.244228
51.750000 0.244228
52.000000 0.244228
52.250000 0.244228
52.500000 0.244228
52.750000 0.244228
53.000000 0.244228
53.250000 0.244228
53.500000 0.244228
53.750000 0.244228
54.000000 0.244228
54.250000 0.244228
54.500000 0.244228
54.750000 0.244228
55.000000 0.244228
55.250000 0.244228
55.500000 0.244228
55.750000 0.244228
56.000000 0.244228
56.250000 0.244228
56.500000 0.244228
56.750000 0.244228
