0.006857 0.000000
1.888979 0.000000
3.888966 0.000000
5.894876 0.000000
7.884923 0.000000
9.891985 0.000000
11.880592 0.000000
13.897885 0.000000
15.892240 0.000000
17.903134 0.000000
19.903945 0.000000
21.896786 0.000000
23.896057 0.000000
25.897323 0.000000
27.898943 0.000000
30.308281 0.000000
31.897831 2.163076
33.913584 0.000000
35.899233 0.000000
37.888654 3.831691
39.900084 1.078833
41.919263 1.134843
43.903345 3.017398
45.919214 3.019594
47.907350 3.021714
49.909934 3.021714
51.912325 3.030499
53.916641 4.166188
55.917376 3.706372
57.928232 3.706372
59.922301 3.706372
61.915277 3.719436
63.922850 3.719436
65.936555 3.799425
67.923270 3.867873
69.937708 4.776825
71.938862 5.991282
73.937961 8.401627
75.938475 18.285354
77.959323 8.105814
79.939401 8.105814
81.940532 8.105814
83.940468 8.105814
85.941647 8.105814
87.940644 8.105814
89.931996 8.105814
91.940110 8.105814
93.943639 8.105814
95.928699 8.105814
97.946928 8.105814
99.945107 8.105814
101.946819 8.105814
103.944871 8.105814
105.947375 8.105814
107.948076 8.105814
109.955332 8.105814
111.953727 8.105814
113.954293 8.105814
115.952269 8.105814
117.954641 8.105814
119.950548 8.105814
121.953737 8.105814
123.959106 8.105814
125.959692 8.105814
127.957367 8.105814
129.956887 8.105814
131.954171 8.105814
133.958280 8.105814
135.957972 8.105814
137.957820 8.105814
