0.000000 0.000000
0.250000 2.833714
0.500000 2.839941
0.750000 5.659331
1.000000 5.665558
1.250000 5.671785
1.500000 5.718368
1.750000 5.850655
2.000000 5.952754
2.250000 6.053189
2.500000 6.197350
2.750000 6.356898
3.000000 6.524471
3.250000 6.694794
3.500000 6.891869
3.750000 7.156016
4.000000 7.366403
4.250000 7.631318
4.500000 7.889201
4.750000 8.016799
5.000000 8.053903
5.250000 8.090847
5.500000 8.097453
5.750000 8.560408
6.000000 8.566635
6.250000 8.574606
6.500000 8.580833
6.750000 8.587060
7.000000 8.593287
7.250000 8.599514
7.500000 8.605741
7.750000 8.611968
8.000000 8.618195
8.250000 8.624422
8.500000 9.071654
8.750000 9.395677
9.000000 9.734522
9.250000 10.294259
9.500000 10.300486
9.750000 10.306713
10.000000 10.312940
10.250000 10.319167
10.500000 10.325394
10.750000 11.324705
11.000000 11.330932
11.250000 11.337159
11.500000 11.343386
11.750000 11.573750
12.000000 11.579977
12.250000 11.586204
12.500000 12.260521
12.750000 12.289770
13.000000 12.295997
13.250000 12.971619
13.500000 12.977846
13.750000 12.984073
14.000000 12.990300
14.250000 12.996527
14.500000 13.002754
14.750000 13.008981
15.000000 13.015208
15.250000 13.021435
15.500000 13.027662
15.750000 13.033889
16.000000 13.040116
16.250000 13.046343
16.500000 13.052570
16.750000 13.058797
17.000000 13.065024
17.250000 13.071251
17.500000 13.443722
17.750000 13.449949
18.000000 13.456176
18.250000 13.462403
18.500000 13.468630
18.750000 13.474857
19.000000 13.817385
19.250000 14.127508
19.500000 14.529105
19.750000 15.955586
20.000000 15.961813
20.250000 15.968040
20.500000 16.252280
20.750000 16.547389
21.000000 16.553616
21.250000 16.675026
21.500000 16.681253
21.750000 16.687480
22.000000 16.693707
22.250000 16.699934
22.500000 16.706161
22.750000 16.712388
23.000000 16.718615
23.250000 16.726477
23.500000 16.732704
23.750000 16.738931
24.000000 16.745158
24.250000 16.751385
24.500000 16.757612
24.750000 16.763839
25.000000 16.770066
25.250000 16.776293
25.500000 16.782520
25.750000 16.788747
26.000000 16.794974
26.250000 16.801201
26.500000 16.807428
26.750000 16.813655
27.000000 16.819882
27.250000 16.826109
27.500000 16.832336
27.750000 16.838563
28.000000 16.844790
28.250000 16.851017
28.500000 16.857244
28.750000 16.863471
29.000000 16.869698
29.250000 16.875925
29.500000 16.882152
29.750000 16.888379
30.000000 16.894606
30.250000 16.900833
30.500000 16.907060
30.750000 16.913287
31.000000 16.919514
31.250000 16.927158
31.500000 16.933385
31.750000 16.939612
32.000000 16.945839
32.250000 16.952066
32.500000 16.958293
32.750000 16.964847
33.000000 16.971074
33.250000 16.977301
33.500000 16.983528
33.750000 16.989755
34.000000 16.995982
34.250000 17.002209
