0.000000 0.000000
0.250000 0.000000
0.500000 0.000000
0.750000 0.000000
1.000000 20.144347
1.250000 15.478585
1.500000 13.617915
1.750000 9.763645
2.000000 3.318004
2.250000 14.308873
2.500000 0.000000
2.750000 0.000000
3.000000 0.000000
3.250000 0.000000
3.500000 0.000000
3.750000 0.000000
4.000000 0.000000
4.250000 0.421385
4.500000 4.208605
4.750000 5.326110
5.000000 0.000000
5.250000 0.000000
5.500000 14.841642
5.750000 15.630422
6.000000 19.691450
6.250000 0.133739
6.500000 21.026138
6.750000 18.735095
7.000000 15.482770
7.250000 7.471657
7.500000 10.611614
7.750000 15.664725
8.000000 0.212066
8.250000 0.429458
8.500000 21.444711
8.750000 21.362563
9.000000 0.426147
9.250000 0.451654
9.500000 0.477162
9.750000 0.502670
10.000000 0.528178
10.250000 11.218294
10.500000 0.877769
10.750000 0.781331
11.000000 0.806839
11.250000 21.821444
11.500000 20.161434
11.750000 17.887539
12.000000 18.258450
12.250000 19.476791
12.500000 19.864398
12.750000 18.721758
13.000000 15.916736
13.250000 17.970336
13.500000 19.674128
13.750000 17.730445
14.000000 1.440606
14.250000 22.455600
14.500000 3.777200
14.750000 22.172596
15.000000 1.732212
15.250000 1.508024
15.500000 1.533532
15.750000 8.701878
16.000000 16.708066
16.250000 21.289722
16.500000 1.869457
16.750000 1.894965
17.000000 1.920473
17.250000 1.945981
17.500000 1.971489
17.750000 1.996997
18.000000 2.022505
18.250000 2.048013
18.500000 1.945770
18.750000 1.971278
19.000000 1.996786
19.250000 2.150044
19.500000 2.047802
19.750000 8.857189
20.000000 18.855796
20.250000 2.192555
20.500000 4.941086
20.750000 2.445741
21.000000 2.266370
21.250000 2.455034
21.500000 2.480542
21.750000 2.506050
22.000000 5.876348
22.250000 10.990342
22.500000 2.833060
22.750000 2.730818
23.000000 11.105114
23.250000 3.010014
23.500000 3.213924
23.750000 2.996648
24.000000 3.022156
24.250000 3.070904
24.500000 3.096450
24.750000 3.121996
25.000000 3.147542
25.250000 3.173088
25.500000 3.105292
25.750000 3.292165
26.000000 3.506252
26.250000 3.404048
26.500000 9.201545
26.750000 3.678775
27.000000 3.826228
27.250000 3.918568
27.500000 9.692368
27.750000 3.878338
28.000000 4.025791
28.250000 3.929354
28.500000 3.878544
28.750000 4.230539
29.000000 4.265191
29.250000 4.350526
29.500000 8.047145
29.750000 4.333270
30.000000 4.358816
30.250000 12.192171
30.500000 4.494743
30.750000 4.451035
31.000000 4.618121
31.250000 10.266753
31.500000 18.590966
31.750000 4.705626
32.000000 4.731964
32.250000 8.707117
32.500000 4.874222
32.750000 15.999449
33.000000 5.008940
33.250000 5.035316
33.500000 11.205184
33.750000 5.264927
34.000000 5.123431
34.250000 5.274460
34.500000 5.300798
34.750000 5.327137
35.000000 6.376997
35.250000 13.229243
35.500000 21.516360
35.750000 25.539077
36.000000 6.208479
36.250000 5.661224
36.500000 7.054281
36.750000 6.088179
37.000000 5.819481
37.250000 26.731096
37.500000 5.908750
37.750000 5.984656
38.000000 6.063194
38.250000 7.220088
38.500000 6.171145
38.750000 12.854700
39.000000 6.308282
39.250000 6.341377
39.500000 6.378243
39.750000 16.792861
40.000000 6.483441
40.250000 6.508949
40.500000 6.565374
40.750000 6.594928
41.000000 6.668744
41.250000 6.715809
41.500000 10.461016
41.750000 6.818118
42.000000 6.843626
42.250000 6.869172
42.500000 8.088446
42.750000 6.948553
43.000000 7.007939
43.250000 7.033485
43.500000 7.186782
43.750000 9.562777
44.000000 12.862326
44.250000 17.964103
44.500000 7.304972
44.750000 13.250870
45.000000 7.440533
45.250000 7.466079
45.500000 7.619375
45.750000 12.180652
46.000000 13.457170
46.250000 28.879980
46.500000 28.154659
46.750000 28.804107
47.000000 19.730351
48.500000 8.191136
48.750000 8.283041
49.000000 8.180837
49.250000 8.206345
49.500000 29.228472
49.750000 28.904399
50.000000 24.818182
50.250000 24.545873
50.500000 8.397384
50.750000 8.851621
51.000000 29.319711
51.250000 29.470424
51.500000 8.638091
51.750000 29.532468
52.000000 28.749522
52.250000 27.414154
52.500000 28.549686
52.750000 8.738911
53.000000 8.764419
53.250000 15.019302
53.500000 8.894996
53.750000 16.897767
54.000000 8.920689
54.250000 11.080788
54.500000 13.076746
54.750000 17.406116
55.000000 23.406709
55.250000 10.475597
55.500000 19.966952
55.750000 26.776807
56.000000 9.503207
56.250000 9.528753
56.500000 11.842165
56.750000 21.661581
