0.000000 0.000000
0.250000 0.094911
0.500000 0.094911
0.750000 0.094911
1.000000 0.094911
1.250000 0.094911
1.500000 0.094911
1.750000 0.094911
2.000000 0.094911
2.250000 0.094911
2.500000 0.094911
2.750000 0.094911
3.000000 0.094911
3.250000 0.094911
3.500000 0.094911
3.750000 0.094911
4.000000 0.094911
4.250000 0.094911
4.500000 0.094911
4.750000 3.286185
5.000000 0.127028
5.250000 0.127028
5.500000 0.127028
5.750000 0.127028
6.000000 0.127028
6.250000 0.127028
6.500000 0.127028
6.750000 0.127028
7.000000 0.127028
7.250000 0.127028
7.500000 0.127028
7.750000 0.127028
8.000000 0.127028
8.250000 0.127028
8.500000 0.127028
8.750000 0.127028
9.000000 0.127028
9.250000 0.127028
9.500000 0.127028
9.750000 0.127028
10.000000 0.127028
10.250000 0.127028
10.500000 0.127028
10.750000 0.127028
11.000000 0.127028
11.250000 0.127028
11.500000 0.127028
11.750000 0.127028
12.000000 0.127028
12.250000 0.127028
12.500000 0.127028
12.750000 0.127028
13.000000 0.127028
13.250000 0.127028
13.500000 0.127028
13.750000 0.127028
14.000000 0.127028
14.250000 0.127028
14.500000 0.127028
14.750000 0.127028
15.000000 0.127028
15.250000 0.127028
15.500000 0.127028
15.750000 0.127028
16.000000 0.127028
16.250000 0.127028
16.500000 0.127028
16.750000 0.127028
17.000000 0.127028
17.250000 0.127028
17.500000 0.127028
17.750000 0.127028
18.000000 0.127028
18.250000 0.127028
18.500000 0.127028
18.750000 0.127028
19.000000 0.127028
19.250000 0.127028
19.500000 0.127028
19.750000 0.127028
20.000000 0.127028
20.250000 0.127028
20.500000 0.127028
20.750000 0.127028
21.000000 0.127028
21.250000 1.961504
21.500000 0.226909
21.750000 0.226909
22.000000 0.226909
22.250000 0.226909
22.500000 0.226909
22.750000 0.226909
23.000000 0.226909
23.250000 0.226909
23.500000 0.226909
23.750000 0.226909
24.000000 0.226909
24.250000 0.226909
24.500000 0.226909
24.750000 0.226909
25.000000 0.226909
25.250000 0.226909
25.500000 0.226909
25.750000 0.226909
26.000000 0.226909
26.250000 0.226909
26.500000 0.226909
26.750000 0.226909
27.000000 0.226909
27.250000 0.226909
27.500000 0.226909
27.750000 0.226909
28.000000 0.226909
28.250000 0.226909
28.500000 0.226909
28.750000 0.226909
29.000000 0.226909
29.250000 0.226909
29.500000 0.226909
29.750000 0.226909
30.000000 0.226909
30.250000 0.226909
30.500000 0.226909
30.750000 0.226909
31.000000 0.226909
31.250000 0.226909
31.500000 0.226909
31.750000 0.226909
32.000000 0.226909
32.250000 0.226909
32.500000 0.226909
32.750000 0.226909
33.000000 0.226909
33.250000 0.226909
33.500000 0.226909
33.750000 0.226909
34.000000 0.226909
34.250000 0.226909
34.500000 0.226909
34.750000 0.226909
35.000000 0.226909
35.250000 0.226909
35.500000 0.226909
