0.000000 0.000000
0.250000 0.100710
0.500000 0.100710
0.750000 0.100710
1.000000 0.100710
1.250000 0.100710
1.500000 0.100710
1.750000 0.100710
2.000000 0.100710
2.250000 0.100710
2.500000 0.100710
2.750000 0.100710
3.000000 0.100710
3.250000 0.100710
3.500000 0.100710
3.750000 0.100710
4.000000 0.100710
4.250000 0.100710
4.500000 0.100710
4.750000 0.100710
5.000000 0.100710
5.250000 0.100710
5.500000 0.100710
5.750000 0.100710
6.000000 0.100710
6.250000 0.100710
6.500000 0.100710
6.750000 0.100710
7.000000 0.100710
7.250000 0.100710
7.500000 0.100710
7.750000 0.100710
8.000000 0.100710
8.250000 0.100710
8.500000 0.100710
8.750000 0.100710
9.000000 0.100710
9.250000 0.100710
9.500000 0.100710
9.750000 0.100710
10.000000 0.100710
10.250000 0.100710
10.500000 0.100710
10.750000 0.100710
11.000000 0.100710
11.250000 0.100710
11.500000 0.100710
11.750000 0.100710
12.000000 0.100710
12.250000 0.100710
12.500000 0.100710
12.750000 0.100710
13.000000 0.100710
13.250000 0.100710
13.500000 0.100710
13.750000 0.100710
14.000000 0.100710
14.250000 0.100710
14.500000 0.100710
14.750000 0.100710
15.000000 0.100710
15.250000 0.100710
15.500000 0.100710
15.750000 0.100710
16.000000 0.100710
16.250000 0.100710
16.500000 0.100710
16.750000 0.100710
17.000000 0.100710
17.250000 0.100710
17.500000 0.100710
17.750000 0.100710
18.000000 0.100710
18.250000 0.100710
18.500000 0.100710
18.750000 0.100710
19.000000 0.100710
19.250000 0.100710
19.500000 0.100710
19.750000 0.100710
20.000000 0.100710
20.250000 0.100710
20.500000 0.100710
20.750000 0.124324
21.000000 0.124324
21.250000 0.124324
21.500000 0.124324
21.750000 0.124324
22.000000 0.124324
22.250000 0.124324
22.500000 0.124324
22.750000 0.124324
23.000000 0.124324
23.250000 0.124324
23.500000 0.124324
23.750000 0.124324
24.000000 0.124324
24.250000 0.146233
24.500000 0.146233
24.750000 0.146233
25.000000 0.146233
25.250000 0.146233
25.500000 0.146233
25.750000 0.146233
26.000000 0.146233
26.250000 0.146233
26.500000 0.146233
26.750000 0.146233
27.000000 0.146233
27.250000 0.146233
27.500000 0.146233
27.750000 0.146233
28.000000 0.146233
28.250000 0.146233
28.500000 0.146233
28.750000 0.146233
29.000000 0.146233
29.250000 0.146233
29.500000 0.146233
29.750000 0.146233
30.000000 0.146233
30.250000 0.146233
30.500000 0.146233
30.750000 0.146233
31.000000 0.146233
31.250000 0.146233
31.500000 0.146233
31.750000 0.146233
32.000000 0.146233
32.250000 0.146233
32.500000 0.146233
32.750000 0.146233
33.000000 0.146233
33.250000 0.146233
33.500000 0.146233
33.750000 0.146233
34.000000 0.146233
34.250000 0.146233
34.500000 0.146233
34.750000 0.146233
35.000000 0.146233
35.250000 0.146233
35.500000 0.146233
35.750000 0.146233
36.000000 0.146233
36.250000 0.146233
36.500000 0.146233
36.750000 0.146233
37.000000 0.146233
37.250000 0.146233
37.500000 0.146233
37.750000 0.146233
38.000000 0.146233
38.250000 0.146233
38.500000 0.146233
38.750000 0.146233
39.000000 0.146233
39.250000 0.146233
39.500000 0.146233
39.750000 0.146233
40.000000 0.146233
40.250000 0.146233
40.500000 0.146233
40.750000 0.146233
41.000000 0.146233
41.250000 0.146233
41.500000 0.146233
41.750000 0.146233
42.000000 0.146233
42.250000 0.146233
42.500000 0.146233
42.750000 0.146233
43.000000 0.146233
43.250000 0.146233
43.500000 0.146233
43.750000 0.168142
44.000000 0.168142
44.250000 0.168142
44.500000 0.168142
44.750000 0.168142
45.000000 0.168142
45.250000 0.168142
45.500000 0.168142
45.750000 0.168142
46.000000 0.168142
46.250000 0.168142
46.500000 0.168142
46.750000 0.168142
47.250000 0.168142
47.500000 0.168142
47.750000 0.168142
48.000000 0.168142
48.250000 0.168142
48.500000 0.168142
48.750000 0.168142
49.000000 0.168142
49.250000 0.168142
49.500000 0.168142
49.750000 0.168142
50.000000 0.168142
50.250000 0.168142
50.500000 0.168142
50.750000 0.168142
51.000000 0.168142
51.250000 0.168142
51.500000 0.168142
51.750000 0.168142
52.000000 0.168142
52.250000 0.168142
52.500000 0.168142
52.750000 0.168142
53.000000 0.168142
53.250000 0.168142
53.500000 0.168142
53.750000 0.168142
54.000000 0.168142
54.250000 0.168142
54.500000 0.168142
54.750000 0.168142
55.000000 0.168142
55.250000 0.168142
55.500000 0.168142
55.750000 0.168142
56.000000 0.168142
56.250000 0.168142
56.500000 0.168142
56.750000 0.168142
