0.000000 0.000000
0.250000 0.052636
0.500000 0.052636
0.750000 0.052636
1.000000 0.052636
1.250000 0.052636
1.500000 0.052636
1.750000 0.052636
2.000000 0.052636
2.250000 0.052636
2.500000 0.052636
2.750000 0.052636
3.000000 0.052636
3.250000 0.052636
3.500000 0.052636
3.750000 0.052636
4.000000 0.052636
4.250000 0.052636
4.500000 0.052636
4.750000 0.052636
5.000000 0.052636
5.250000 0.052636
5.500000 0.052636
5.750000 0.052636
6.000000 0.052636
6.250000 0.052636
6.500000 0.052636
6.750000 0.052636
7.000000 0.052636
7.250000 0.052636
7.500000 0.052636
7.750000 0.052636
8.000000 0.052636
8.250000 0.052636
8.500000 0.052636
8.750000 0.052636
9.000000 0.052636
9.250000 0.052636
9.500000 0.052636
9.750000 0.052636
10.000000 0.052636
10.250000 0.052636
10.500000 0.052636
10.750000 0.052636
11.000000 0.052636
11.250000 0.052636
11.500000 0.052636
11.750000 0.052636
12.000000 0.052636
12.250000 0.052636
12.500000 0.052636
12.750000 0.052636
13.000000 0.052636
13.250000 0.052636
13.500000 0.052636
13.750000 0.052636
14.000000 0.052636
14.250000 0.052636
14.500000 0.052636
14.750000 0.052636
15.000000 0.052636
15.250000 0.052636
15.500000 0.052636
15.750000 0.052636
16.000000 0.052636
16.250000 0.052636
16.500000 0.052636
16.750000 0.052636
17.000000 0.052636
17.250000 0.052636
17.500000 0.052636
17.750000 0.052636
18.000000 0.052636
18.250000 0.052636
18.500000 0.052636
18.750000 0.052636
19.000000 0.052636
19.250000 0.052636
19.500000 0.052636
19.750000 0.052636
20.000000 0.052636
20.250000 0.052636
20.500000 0.052636
20.750000 0.052636
21.000000 0.052636
21.250000 0.052636
21.500000 0.052636
21.750000 0.052636
22.000000 0.052636
22.250000 0.052636
22.500000 0.052636
22.750000 0.052636
23.000000 0.052636
23.250000 0.052636
23.500000 0.052636
23.750000 0.052636
24.000000 0.052636
24.250000 0.052636
24.500000 0.052636
24.750000 0.052636
25.000000 0.052636
25.250000 0.052636
25.500000 0.134293
25.750000 0.176261
26.000000 0.218229
26.250000 0.260197
26.500000 0.302165
26.750000 0.344133
27.000000 0.386101
27.250000 0.428069
27.500000 0.470037
27.750000 0.512005
28.000000 0.553973
28.250000 0.595941
28.500000 0.671528
28.750000 0.671528
29.000000 0.671528
29.250000 0.671528
29.500000 0.671528
29.750000 0.671528
30.000000 0.671528
30.250000 0.671528
30.500000 0.671528
30.750000 0.671528
31.000000 0.671528
31.250000 0.671528
31.500000 0.671528
31.750000 0.671528
32.000000 0.671528
32.250000 0.671528
32.500000 0.671528
32.750000 0.671528
33.000000 0.671528
33.250000 0.671528
33.500000 0.671528
33.750000 0.671528
34.000000 0.671528
34.250000 0.671528
34.500000 0.671528
34.750000 0.671528
35.000000 0.671528
35.250000 0.671528
35.500000 0.671528
35.750000 0.671528
36.000000 0.671528
36.250000 0.671528
36.500000 0.671528
36.750000 0.671528
37.000000 0.671528
37.250000 0.671528
37.500000 0.671528
37.750000 0.671528
38.000000 0.671528
38.250000 0.671528
38.500000 0.671528
38.750000 0.671528
39.000000 0.671528
39.250000 0.671528
39.500000 0.671528
39.750000 0.671528
40.000000 0.671528
40.250000 0.671528
40.500000 0.671528
40.750000 0.671528
41.000000 0.671528
41.250000 0.671528
41.500000 0.671528
41.750000 0.671528
42.000000 0.671528
42.250000 0.671528
42.500000 0.671528
42.750000 0.671528
43.000000 0.671528
43.250000 0.671528
43.500000 0.671528
43.750000 0.671528
44.000000 0.671528
44.250000 0.671528
44.500000 0.671528
44.750000 0.671528
45.000000 0.671528
45.250000 0.671528
45.500000 0.671528
45.750000 0.671528
46.000000 0.671528
46.250000 0.671528
46.500000 0.671528
46.750000 0.671528
47.000000 0.671528
47.250000 0.671528
47.500000 0.671528
47.750000 0.671528
48.000000 0.671528
48.250000 0.671528
48.500000 0.671528
48.750000 0.671528
49.000000 0.671528
49.250000 0.671528
49.500000 0.671528
49.750000 0.671528
50.000000 0.671528
50.250000 0.671528
50.500000 0.671528
50.750000 0.671528
51.000000 0.671528
51.250000 0.671528
51.500000 0.671528
51.750000 0.671528
52.000000 0.671528
52.250000 0.671528
52.500000 0.671528
52.750000 0.671528
53.000000 0.671528
53.250000 0.671528
53.500000 0.671528
53.750000 0.671528
54.000000 0.671528
54.250000 0.671528
54.500000 0.671528
54.750000 0.671528
55.000000 0.671528
55.250000 0.671528
55.500000 0.671528
55.750000 0.671528
56.000000 0.671528
56.250000 0.671528
56.500000 0.671528
56.750000 0.671528
