0.000000 3.715740
0.250000 0.015108
0.500000 0.499328
0.750000 0.015108
1.000000 0.015108
1.250000 0.015108
1.500000 0.015108
1.750000 0.015108
2.000000 0.015108
2.250000 0.015108
2.500000 0.015108
2.750000 0.015108
3.000000 0.015108
3.250000 0.015108
3.500000 0.015108
3.750000 0.015108
4.000000 0.015108
4.250000 0.015108
4.500000 0.040832
4.750000 0.015108
5.000000 0.141572
5.250000 0.348732
5.500000 0.214952
5.750000 0.204420
6.000000 0.040708
6.250000 0.325252
6.500000 0.182980
6.750000 0.182980
7.000000 0.182980
7.250000 0.182980
7.500000 0.182980
7.750000 0.182980
8.000000 0.182980
8.250000 0.115828
8.500000 0.400748
8.750000 0.044632
9.000000 0.051660
9.250000 0.020200
9.500000 0.020712
9.750000 0.022248
10.000000 0.018664
10.250000 0.020200
10.500000 0.076152
10.750000 0.020712
11.000000 0.358948
11.250000 0.288196
11.500000 0.216660
11.750000 0.239192
12.000000 0.197892
12.250000 0.240252
12.500000 0.540192
12.750000 0.173012
13.000000 0.297804
13.250000 0.198612
13.500000 0.098772
13.750000 0.318420
14.000000 0.212436
14.250000 0.206292
14.500000 0.210900
14.750000 0.209364
15.000000 0.217764
15.250000 0.195844
15.500000 0.209876
15.750000 0.198612
16.000000 0.220628
16.250000 0.209364
16.500000 0.210900
16.750000 0.205780
17.000000 0.143828
17.250000 0.233796
17.500000 0.291940
17.750000 0.228944
18.000000 0.227940
18.250000 0.228452
18.500000 0.223332
18.750000 0.252372
19.000000 0.325120
19.250000 0.045656
19.500000 0.101244
19.750000 0.021736
20.000000 0.019176
20.250000 0.050152
20.500000 0.047704
20.750000 0.019688
21.000000 0.047200
21.250000 0.015108
21.500000 0.015108
21.750000 0.015108
22.000000 0.015108
22.250000 0.017288
22.500000 0.015108
22.750000 0.015108
23.000000 0.015108
23.250000 0.023392
23.500000 0.015108
23.750000 0.016852
24.000000 0.015544
24.250000 0.015108
24.500000 0.015108
24.750000 0.015108
25.000000 0.015108
25.250000 0.015108
25.500000 0.015108
25.750000 0.015108
26.000000 0.015108
26.250000 0.015108
26.500000 0.015108
26.750000 0.015108
27.000000 0.015108
27.250000 0.015108
27.500000 0.015108
27.750000 0.015108
28.000000 0.015108
28.250000 0.015108
28.500000 0.015108
28.750000 0.015108
29.000000 0.015108
29.250000 0.015108
29.500000 0.015108
29.750000 0.015108
30.000000 0.015108
30.250000 0.015108
30.500000 0.015108
30.750000 0.015108
31.000000 0.015108
31.250000 0.015108
31.500000 0.015108
31.750000 0.015108
32.000000 0.015108
32.250000 0.015108
32.500000 0.015108
32.750000 0.015108
33.000000 0.017724
33.250000 0.015108
33.500000 0.015108
33.750000 0.015108
34.000000 0.015108
34.250000 0.015108
