0.000000 0.000000
0.250000 0.002697
0.500000 0.002697
0.750000 0.002697
1.000000 0.002697
1.250000 0.002697
1.500000 0.002697
1.750000 0.002697
2.000000 0.002697
2.250000 0.002697
2.500000 0.002697
2.750000 0.002697
3.000000 0.002697
3.250000 0.002697
3.500000 0.002697
3.750000 0.002697
4.000000 0.002697
4.250000 0.002697
4.500000 0.002697
4.750000 0.002697
5.000000 0.002697
5.250000 0.002697
5.500000 0.002697
5.750000 0.002697
6.000000 0.002697
6.250000 0.002697
6.500000 0.002697
6.750000 0.002697
7.000000 0.002697
7.250000 0.002697
7.500000 0.002697
7.750000 0.002697
8.000000 0.002697
8.250000 0.002697
8.500000 0.002697
8.750000 0.002697
9.000000 0.002697
9.250000 0.002697
9.500000 0.002697
9.750000 0.002697
10.000000 0.002697
10.250000 0.002697
10.500000 0.002697
10.750000 0.002697
11.000000 0.002697
11.250000 0.002697
11.500000 0.002697
11.750000 0.002697
12.000000 0.002697
12.250000 0.002697
12.500000 0.002697
12.750000 0.002697
13.000000 0.002697
13.250000 0.002697
13.500000 0.002697
13.750000 0.002697
14.000000 0.002697
14.250000 0.002697
14.500000 0.002697
14.750000 0.002697
15.000000 0.002697
15.250000 0.002697
15.500000 0.002697
15.750000 0.002697
16.000000 0.002697
16.250000 0.002697
16.500000 0.002697
16.750000 0.002697
17.000000 0.002697
17.250000 0.002697
17.500000 0.002697
17.750000 0.002697
18.000000 0.002697
18.250000 0.002697
18.500000 0.002697
18.750000 0.002697
19.000000 0.002697
19.250000 0.090050
19.500000 0.090050
19.750000 0.090050
20.000000 0.090050
20.250000 0.090050
20.500000 0.090050
20.750000 0.090050
21.000000 0.090050
21.250000 0.090050
21.500000 0.090050
21.750000 0.090050
22.000000 0.090050
22.250000 0.090050
22.500000 0.090050
22.750000 0.090050
23.000000 0.090050
23.250000 0.090050
23.500000 0.090050
23.750000 0.090050
24.000000 0.090050
24.250000 0.090050
24.500000 0.090050
24.750000 0.090050
25.000000 0.090050
25.250000 0.090050
25.500000 0.090050
25.750000 0.090050
26.000000 0.090050
26.250000 0.090050
26.500000 0.090050
26.750000 0.090050
27.000000 0.090050
27.250000 0.090050
27.500000 0.090050
27.750000 0.090050
28.000000 0.090050
28.250000 0.090050
28.500000 0.090050
28.750000 0.090050
29.000000 0.090050
29.250000 0.090050
29.500000 0.090050
29.750000 0.090050
30.000000 0.090050
30.250000 0.090050
30.500000 0.090050
30.750000 0.090050
31.000000 0.090050
31.250000 0.090050
31.500000 0.090050
31.750000 0.090050
32.000000 0.090050
32.250000 0.090050
32.500000 0.090050
32.750000 0.090050
33.000000 0.090050
33.250000 0.090050
33.500000 0.090050
33.750000 0.090050
34.000000 0.090050
34.250000 0.090050
34.500000 0.090050
34.750000 0.090050
35.000000 0.090050
35.250000 0.090050
