0.000000 0.000000
0.250000 0.119514
0.500000 0.119514
0.750000 0.119514
1.000000 0.119514
1.250000 0.119514
1.500000 0.119514
1.750000 0.119514
2.000000 0.119514
2.250000 0.119514
2.500000 0.119514
2.750000 0.119514
3.000000 0.119514
3.250000 0.119514
3.500000 0.119514
3.750000 0.119514
4.000000 0.119514
4.250000 0.119514
4.500000 0.119514
4.750000 0.119514
5.000000 0.119514
5.250000 0.119514
5.500000 0.119514
5.750000 0.119514
6.000000 0.119514
6.250000 0.119514
6.500000 0.119514
6.750000 0.119514
7.000000 0.119514
7.250000 0.119514
7.500000 0.119514
7.750000 0.119514
8.000000 0.119514
8.250000 0.119514
8.500000 0.119514
8.750000 0.119514
9.000000 0.119514
9.250000 0.119514
9.500000 0.119514
9.750000 0.119514
10.000000 0.119514
10.250000 0.119514
10.500000 0.119514
10.750000 0.119514
11.000000 0.119514
11.250000 0.119514
11.500000 0.119514
11.750000 0.119514
12.000000 0.119514
12.250000 0.119514
12.500000 0.119514
12.750000 0.119514
13.000000 0.119514
13.250000 0.119514
13.500000 0.119514
13.750000 0.119514
14.000000 0.119514
14.250000 0.119514
14.500000 0.119514
14.750000 0.119514
15.000000 0.119514
15.250000 0.119514
15.500000 0.119514
15.750000 0.119514
16.000000 0.119514
16.250000 0.119514
16.500000 0.119514
16.750000 0.119514
17.000000 0.119514
17.250000 0.119514
17.500000 0.119514
17.750000 0.119514
18.000000 0.119514
18.250000 0.119514
18.500000 0.119514
18.750000 0.119514
19.000000 0.119514
19.250000 0.119514
19.500000 0.119514
19.750000 0.119514
20.000000 0.119514
20.250000 0.119514
20.500000 0.119514
20.750000 0.119514
21.000000 0.119514
21.250000 0.119514
21.500000 0.119514
21.750000 0.119514
22.000000 0.119514
22.250000 0.119514
22.500000 0.119514
22.750000 0.119514
23.000000 0.119514
23.250000 0.119514
23.500000 0.119514
23.750000 0.119514
24.000000 0.119514
24.250000 0.119514
24.500000 0.119514
24.750000 0.119514
25.000000 0.119514
25.250000 0.119514
25.500000 0.119514
25.750000 0.119514
26.000000 0.119514
26.250000 0.119514
26.500000 0.119514
26.750000 0.119514
27.000000 0.119514
27.250000 0.119514
27.500000 0.119514
27.750000 0.119514
28.000000 0.119514
28.250000 0.119514
28.500000 0.119514
28.750000 0.119514
29.000000 0.119514
29.250000 0.119514
29.500000 0.119514
29.750000 0.119514
30.000000 0.119514
30.250000 0.119514
30.500000 0.119514
30.750000 0.119514
31.000000 0.119514
31.250000 0.119514
31.500000 0.119514
31.750000 0.119514
32.000000 0.119514
32.250000 0.119514
32.500000 0.119514
32.750000 0.119514
33.000000 0.119514
33.250000 0.119514
33.500000 0.119514
33.750000 0.119514
34.000000 0.119514
34.250000 0.119514
34.500000 0.119514
34.750000 0.119514
35.000000 0.119514
35.250000 0.119514
35.500000 0.119514
