0.000000 0.000000
0.250000 0.037749
0.500000 0.037749
0.750000 0.037749
1.000000 0.037749
1.250000 0.037749
1.500000 0.037749
1.750000 0.037749
2.000000 0.037749
2.250000 0.037749
2.500000 0.037749
2.750000 0.037749
3.000000 0.037749
3.250000 0.037749
3.500000 0.037749
3.750000 0.037749
4.000000 0.037749
4.250000 0.037749
4.500000 0.037749
4.750000 0.037749
5.000000 0.037749
5.250000 0.037749
5.500000 0.037749
5.750000 0.037749
6.000000 0.037749
6.250000 0.037749
6.500000 0.037749
6.750000 0.037749
7.000000 0.037749
7.250000 0.037749
7.500000 0.037749
7.750000 0.037749
8.000000 0.037749
8.250000 0.037749
8.500000 0.037749
8.750000 0.037749
9.000000 0.037749
9.250000 0.037749
9.500000 0.037749
9.750000 0.037749
10.000000 0.037749
10.250000 0.037749
10.500000 0.037749
10.750000 0.037749
11.000000 0.037749
11.250000 0.037749
11.500000 0.037749
11.750000 0.037749
12.000000 0.037749
12.250000 0.037749
12.500000 0.037749
12.750000 0.037749
13.000000 0.037749
13.250000 0.037749
13.500000 0.037749
