0.000000 0.000000
0.250000 0.302487
0.500000 0.302487
0.750000 0.302487
1.000000 0.302487
1.250000 0.302487
1.500000 0.302487
1.750000 0.302487
2.000000 0.302487
2.250000 0.302487
2.500000 0.302487
2.750000 0.302487
3.000000 0.302487
3.250000 0.302487
3.500000 0.302487
3.750000 0.302487
4.000000 0.302487
4.250000 0.302487
4.500000 0.302487
4.750000 0.302487
5.000000 0.302487
5.250000 0.302487
5.500000 0.302487
5.750000 0.302487
6.000000 0.302487
6.250000 0.302487
6.500000 0.302487
6.750000 0.302487
7.000000 0.302487
7.250000 0.302487
7.500000 0.302487
7.750000 0.302487
8.000000 0.302487
8.250000 0.302487
8.500000 0.302487
8.750000 0.302487
9.000000 0.302487
9.250000 0.302487
9.500000 0.302487
9.750000 0.302487
10.000000 0.302487
10.250000 0.302487
10.500000 0.302487
10.750000 0.302487
11.000000 0.302487
11.250000 0.302487
11.500000 0.302487
11.750000 0.302487
12.000000 0.302487
12.250000 0.302487
12.500000 0.302487
12.750000 0.302487
13.000000 0.302487
13.250000 0.302487
13.500000 0.302487
13.750000 0.302487
14.000000 0.302487
14.250000 0.302487
14.500000 0.302487
14.750000 0.302487
15.000000 0.302487
15.250000 0.302487
15.500000 0.302487
15.750000 0.302487
16.000000 0.302487
16.250000 0.302487
16.500000 0.302487
16.750000 0.302487
17.000000 0.302487
17.250000 0.302487
17.500000 0.302487
17.750000 0.302487
18.000000 0.302487
18.250000 0.302487
18.500000 0.302487
18.750000 0.302487
19.000000 0.302487
19.250000 0.302487
19.500000 0.302487
19.750000 0.302487
20.000000 0.302487
20.250000 0.302487
20.500000 0.302487
20.750000 0.302487
21.000000 0.302487
21.250000 0.302487
21.500000 0.302487
21.750000 0.302487
22.000000 0.302487
22.250000 0.302487
22.500000 0.302487
22.750000 0.302487
23.000000 0.302487
23.250000 0.302487
23.500000 0.302487
23.750000 0.302487
24.000000 0.302487
24.250000 0.302487
24.500000 0.302487
24.750000 0.302487
25.000000 0.302487
25.250000 0.302487
25.500000 0.384144
25.750000 0.426112
26.000000 0.468080
26.250000 0.510048
26.500000 0.552016
26.750000 0.593984
27.000000 0.635952
27.250000 0.677920
27.500000 0.719888
27.750000 0.761856
28.000000 0.803824
28.250000 0.845792
28.500000 0.941859
28.750000 0.950349
29.000000 0.951871
29.250000 0.953144
29.500000 0.954168
29.750000 0.955690
30.000000 0.956963
30.250000 0.958236
30.500000 0.959509
30.750000 0.960533
31.000000 0.969998
31.250000 1.065863
31.500000 1.113711
31.750000 1.158619
32.000000 1.203527
32.250000 1.248435
32.500000 1.321785
32.750000 1.425568
33.000000 1.470476
33.250000 1.515384
33.500000 1.560292
33.750000 1.605200
34.000000 1.650108
34.250000 1.695016
34.500000 1.739924
34.750000 1.784832
35.000000 1.829740
35.250000 1.874648
35.500000 1.919556
35.750000 1.964464
36.000000 2.009372
36.250000 2.054280
36.500000 2.099188
36.750000 2.144096
37.000000 2.189004
37.250000 2.233912
37.500000 2.283720
37.750000 2.333528
38.000000 2.383336
38.250000 2.433144
38.500000 2.482952
38.750000 2.568639
39.000000 2.589417
39.250000 2.591714
39.500000 2.592987
39.750000 2.594260
40.000000 2.595533
40.250000 2.596806
40.500000 2.598079
40.750000 2.599352
41.000000 2.603625
41.250000 2.603625
41.500000 2.603625
41.750000 2.603625
42.000000 2.603625
42.250000 2.603625
42.500000 2.603625
42.750000 2.603625
43.000000 2.603625
43.250000 2.603625
43.500000 2.603625
43.750000 2.603625
44.000000 2.603625
44.250000 2.603625
44.500000 2.603625
44.750000 2.603625
45.000000 2.603625
45.250000 2.603625
45.500000 2.603625
45.750000 2.603625
46.000000 2.603625
46.250000 2.603625
46.500000 2.603625
46.750000 2.603625
47.000000 2.603625
47.250000 2.603625
47.500000 2.603625
47.750000 2.603625
48.000000 2.603625
48.250000 2.603625
48.500000 2.603625
48.750000 2.603625
49.000000 2.603625
49.250000 2.603625
49.500000 2.603625
49.750000 2.603625
50.000000 2.603625
50.250000 2.603625
50.500000 2.603625
50.750000 2.603625
51.000000 2.603625
51.250000 2.603625
51.500000 2.603625
51.750000 2.603625
52.000000 2.603625
52.250000 2.603625
52.500000 2.603625
52.750000 2.603625
53.000000 2.603625
53.250000 2.603625
53.500000 2.603625
53.750000 2.603625
54.000000 2.603625
54.250000 2.603625
54.500000 2.603625
54.750000 2.603625
55.000000 2.603625
55.250000 2.603625
55.500000 2.603625
55.750000 2.603625
56.000000 2.603625
56.250000 2.603625
56.500000 2.603625
56.750000 2.603625
