0.000000 0.000000
0.250000 0.100520
0.500000 0.100520
0.750000 0.100520
1.000000 0.100520
1.250000 0.100520
1.500000 0.100520
1.750000 0.100520
2.000000 0.100520
2.250000 0.100520
2.500000 0.100520
2.750000 0.100520
3.000000 0.100520
3.250000 0.100520
3.500000 0.100520
3.750000 0.100520
4.000000 0.100520
4.250000 0.100520
4.500000 0.100520
4.750000 0.100520
5.000000 0.100520
5.250000 0.100520
5.500000 0.100520
5.750000 0.100520
6.000000 0.100520
6.250000 0.100520
6.500000 0.100520
6.750000 0.100520
7.000000 0.100520
7.250000 0.100520
7.500000 0.100520
7.750000 0.100520
8.000000 0.100520
8.250000 0.100520
8.500000 0.100520
8.750000 0.100520
9.000000 0.100520
9.250000 0.100520
9.500000 0.100520
9.750000 0.100520
10.000000 0.100520
10.250000 0.100520
10.500000 0.100520
10.750000 0.100520
11.000000 0.100520
11.250000 0.100520
11.500000 0.100520
11.750000 0.100520
12.000000 0.100520
12.250000 0.100520
12.500000 0.100520
12.750000 0.100520
13.000000 0.100520
13.250000 0.100520
13.500000 0.100520
13.750000 0.100520
14.000000 0.100520
14.250000 0.100520
14.500000 0.100520
14.750000 0.100520
15.000000 0.100520
15.250000 0.100520
15.500000 0.100520
15.750000 0.100520
16.000000 0.100520
16.250000 0.100520
16.500000 0.100520
16.750000 0.100520
17.000000 0.100520
17.250000 0.100520
17.500000 0.100520
17.750000 0.100520
18.000000 0.100520
18.250000 0.100520
18.500000 0.100520
18.750000 0.100520
19.000000 0.100520
19.250000 0.100520
19.500000 0.100520
19.750000 0.100520
20.000000 0.100520
20.250000 0.100520
20.500000 0.100520
20.750000 0.100520
21.000000 0.100520
21.250000 0.100520
21.500000 0.100520
21.750000 0.100520
22.000000 0.100520
22.250000 0.100520
22.500000 0.100520
22.750000 0.100520
23.000000 0.100520
23.250000 0.100520
23.500000 0.100520
23.750000 0.100520
24.000000 0.100520
24.250000 0.100520
24.500000 0.100520
24.750000 0.100520
25.000000 0.100520
25.250000 0.100520
25.500000 0.100520
25.750000 0.100520
26.000000 0.100520
26.250000 0.100520
26.500000 0.100520
26.750000 0.100520
27.000000 0.100520
27.250000 0.100520
27.500000 0.100520
27.750000 0.100520
28.000000 0.100520
28.250000 0.100520
28.500000 0.100520
28.750000 0.100520
29.000000 0.100520
29.250000 0.100520
29.500000 0.100520
29.750000 0.100520
30.000000 0.100520
30.250000 0.100520
30.500000 0.100520
30.750000 0.100520
31.000000 0.100520
31.250000 0.100520
31.500000 0.100520
31.750000 0.100520
32.000000 0.100520
32.250000 0.100520
32.500000 0.100520
32.750000 0.100520
33.000000 0.100520
33.250000 0.100520
33.500000 0.100520
33.750000 0.100520
34.000000 0.100520
34.250000 0.100520
34.500000 0.100520
34.750000 0.100520
35.000000 0.100520
35.250000 0.100520
35.500000 0.100520
35.750000 0.100520
36.000000 0.100520
36.250000 0.100520
36.500000 0.100520
36.750000 0.100520
37.000000 0.100520
37.250000 0.100520
37.500000 0.100520
37.750000 0.100520
38.000000 0.100520
38.250000 0.100520
38.500000 0.100520
38.750000 0.100520
39.000000 0.100520
39.250000 0.100520
39.500000 0.100520
39.750000 0.100520
40.000000 0.100520
40.250000 0.100520
40.500000 0.100520
40.750000 0.100520
41.000000 0.100520
41.250000 0.100520
41.500000 0.100520
41.750000 0.100520
42.000000 0.100520
42.250000 0.100520
42.500000 0.100520
42.750000 0.100520
43.000000 0.100520
43.250000 0.100520
43.500000 0.100520
43.750000 0.100520
44.750000 0.100520
45.000000 0.100520
45.250000 0.100520
45.500000 0.100520
45.750000 0.100520
46.250000 0.100520
46.500000 0.100520
46.750000 0.100520
47.000000 0.100520
47.250000 0.100520
47.500000 0.100520
47.750000 0.100520
48.000000 0.100520
48.250000 0.100520
48.500000 0.100520
48.750000 0.100520
49.000000 0.100520
49.250000 0.100520
49.500000 0.100520
49.750000 0.100520
50.000000 0.100520
50.250000 0.100520
50.500000 0.100520
50.750000 0.100520
51.000000 0.100520
51.250000 0.100520
51.500000 0.100520
51.750000 0.100520
52.000000 0.100520
52.250000 0.100520
52.500000 0.100520
52.750000 0.100520
53.000000 0.100520
53.250000 0.100520
53.500000 0.100520
53.750000 0.100520
54.000000 0.100520
54.250000 0.100520
54.500000 0.100520
54.750000 0.100520
55.000000 0.100520
55.250000 0.100520
55.500000 0.100520
55.750000 0.100520
56.000000 0.100520
56.250000 0.100520
56.500000 0.100520
56.750000 0.100520
