0.000000 0.000000
0.250000 0.011683
0.500000 0.011683
0.750000 0.011683
1.000000 0.011683
1.250000 0.011683
1.500000 0.011683
1.750000 0.011683
2.000000 0.011683
2.250000 0.011683
2.500000 0.011683
2.750000 0.011683
3.000000 0.011683
3.250000 0.011683
3.500000 0.011683
3.750000 0.011683
4.000000 0.011683
4.250000 0.011683
4.500000 0.011683
4.750000 0.011683
5.000000 0.011683
5.250000 0.011683
5.500000 0.011683
5.750000 0.011683
6.000000 0.011683
6.250000 0.011683
6.500000 0.011683
6.750000 0.011683
7.000000 0.011683
7.250000 0.011683
7.500000 0.011683
7.750000 0.011683
8.000000 0.011683
8.250000 0.011683
8.500000 0.011683
8.750000 0.011683
9.000000 0.011683
9.250000 0.011683
9.500000 0.011683
9.750000 0.011683
10.000000 0.011683
10.250000 0.011683
10.500000 0.011683
10.750000 0.011683
11.000000 0.011683
11.250000 0.011683
11.500000 0.011683
11.750000 0.011683
12.000000 0.011683
12.250000 0.011683
12.500000 0.011683
12.750000 0.011683
13.000000 0.011683
13.250000 0.011683
13.500000 0.011683
