0.000000 0.000000
0.250000 0.068473
0.500000 8062.993677
0.750000 7919.226714
1.000000 7986.953688
1.250000 8031.197136
1.500000 8049.743899
1.750000 8054.663212
2.000000 8059.931198
2.250000 8072.891020
2.500000 8073.496446
2.750000 8074.101871
3.000000 8718.043991
3.250000 8724.906729
3.500000 8728.013759
3.750000 8733.945447
4.000000 8738.518373
4.250000 8740.757188
4.500000 8741.780339
4.750000 8755.653877
5.000000 8758.244777
5.250000 8759.564082
5.500000 8761.732386
5.750000 8764.582001
6.000000 8770.201061
6.250000 8783.937270
6.500000 8795.396162
6.750000 8810.832564
7.000000 8255.630161
7.250000 8256.695186
7.500000 8275.746920
7.750000 8277.700910
8.000000 8280.343823
8.250000 8282.583350
8.500000 8284.848489
8.750000 8286.347868
9.000000 8287.821635
9.250000 8289.506701
9.500000 8295.006824
9.750000 8295.711151
10.000000 8315.563647
10.250000 8325.658220
10.500000 8329.181007
10.750000 8330.002599
11.000000 8331.843726
11.250000 8334.216184
11.500000 8336.372001
11.750000 8308.467989
12.000000 8310.785465
12.250000 8313.037987
12.500000 8315.293589
12.750000 8316.677275
13.000000 8318.082890
13.250000 8319.252372
13.500000 8320.728989
