0.000000 0.000000
0.250000 1.161099
0.500000 1.161099
0.750000 1.161099
1.000000 1.161099
1.250000 1.161099
1.500000 1.161099
1.750000 1.161099
2.000000 1.161099
2.250000 1.161099
2.500000 1.161099
2.750000 1.161099
3.000000 1.161099
3.250000 1.161099
3.500000 1.161099
3.750000 1.161099
4.000000 1.161099
4.250000 1.161099
4.500000 1.161099
4.750000 1.161099
5.000000 1.161099
5.250000 1.161099
5.500000 1.161099
5.750000 1.161099
6.000000 1.161099
6.250000 1.161099
6.500000 1.161099
6.750000 1.161099
7.000000 1.161099
7.250000 1.161099
7.500000 1.161099
7.750000 1.161099
8.000000 1.161099
8.250000 1.161099
8.500000 1.161099
8.750000 1.161099
9.000000 1.161099
9.250000 1.161099
9.500000 1.161099
9.750000 1.161099
10.000000 1.161099
10.250000 1.161099
10.500000 1.161099
10.750000 1.161099
11.000000 1.161099
11.250000 1.161099
11.500000 1.161099
11.750000 1.161099
12.000000 1.161099
12.250000 1.161099
12.500000 1.161099
12.750000 1.161099
13.000000 1.161099
13.250000 1.161099
13.500000 1.161099
13.750000 1.161099
14.000000 1.161099
14.250000 1.161099
14.500000 1.161099
14.750000 1.161099
15.000000 1.161099
15.250000 1.161099
15.500000 1.161099
15.750000 1.161099
16.000000 1.161099
16.250000 1.161099
16.500000 1.161099
16.750000 1.161099
17.000000 1.161099
17.250000 1.161099
17.500000 1.161099
17.750000 1.161099
18.000000 1.161099
18.250000 1.161099
18.500000 1.161099
18.750000 1.161099
19.000000 1.161099
19.250000 1.161099
19.500000 1.161099
19.750000 1.161099
20.000000 1.161099
20.250000 1.161099
20.500000 1.161099
20.750000 1.161099
21.000000 1.161099
21.250000 1.161099
21.500000 1.161099
21.750000 1.161099
22.000000 1.161099
22.250000 1.161099
22.500000 1.266576
22.750000 1.266576
23.000000 1.266576
23.250000 1.266576
23.500000 1.266576
23.750000 1.266576
24.000000 1.281596
24.250000 1.306815
24.500000 1.306815
24.750000 1.306815
25.000000 1.306815
25.250000 1.306815
25.500000 1.306815
25.750000 1.306815
26.000000 1.306815
26.250000 1.306815
26.500000 1.306815
26.750000 1.306815
27.000000 1.306815
27.250000 1.306815
27.500000 1.306815
27.750000 1.306815
28.000000 1.306815
28.250000 1.306815
28.500000 1.306815
28.750000 1.306815
29.000000 1.306815
29.250000 1.306815
29.500000 1.306815
29.750000 1.306815
30.000000 1.306815
30.250000 1.306815
30.500000 1.306815
30.750000 1.306815
31.000000 1.306815
31.250000 1.306815
31.500000 1.306815
31.750000 1.306815
32.000000 1.306815
32.250000 1.306815
32.500000 1.306815
32.750000 1.306815
33.000000 1.306815
33.250000 1.306815
33.500000 1.306815
33.750000 1.306815
34.000000 1.306815
34.250000 1.306815
34.500000 1.306815
34.750000 1.306815
35.000000 1.306815
35.250000 1.306815
35.500000 1.306815
35.750000 1.306815
36.000000 1.306815
36.250000 1.306815
36.500000 1.306815
36.750000 1.306815
37.000000 1.306815
37.250000 1.306815
37.500000 1.306815
37.750000 1.306815
38.000000 1.306815
38.250000 1.306815
38.500000 1.306815
38.750000 1.306815
39.000000 1.306815
39.250000 1.306815
39.500000 1.306815
39.750000 1.306815
40.000000 1.306815
40.250000 1.306815
40.500000 1.306815
40.750000 1.306815
41.000000 1.321368
41.250000 1.321368
41.500000 1.321368
41.750000 1.321368
42.000000 1.321368
42.250000 1.321368
42.500000 1.321368
42.750000 1.321368
43.000000 1.321368
43.250000 1.321368
43.500000 1.321368
43.750000 1.370857
44.000000 1.370857
44.250000 1.370857
44.500000 1.370857
44.750000 1.370857
45.000000 1.370857
45.250000 1.370857
45.500000 1.370857
45.750000 1.370857
46.000000 1.370857
46.250000 1.370857
46.500000 1.370857
46.750000 1.370857
47.000000 1.370857
47.250000 1.370857
47.500000 1.370857
47.750000 1.370857
48.000000 1.370857
48.250000 1.370857
48.500000 1.370857
48.750000 1.370857
49.000000 1.370857
49.250000 1.370857
49.500000 1.370857
49.750000 1.370857
50.000000 1.370857
50.250000 1.370857
50.500000 1.370857
50.750000 1.370857
51.000000 1.370857
51.250000 1.370857
51.500000 1.370857
51.750000 1.370857
52.000000 1.370857
52.250000 1.370857
52.500000 1.370857
52.750000 1.370857
53.000000 1.370857
53.250000 1.370857
53.500000 1.370857
53.750000 1.370857
54.000000 1.370857
54.250000 1.370857
54.500000 1.370857
54.750000 1.370857
55.000000 1.370857
55.250000 1.370857
55.500000 1.370857
55.750000 1.370857
56.000000 1.370857
56.250000 1.370857
56.500000 1.370857
56.750000 1.370857
