0.004634 1.527540
1.884365 1.608037
3.885166 0.929806
5.895634 1.638389
7.887065 1.122864
9.881749 1.575349
11.882368 0.921989
13.885221 0.044013
15.884384 0.953520
17.887550 0.968137
19.892383 1.029106
21.886946 0.755798
23.887813 1.127631
25.890864 0.365848
27.887522 0.927053
29.887555 0.670577
31.889679 1.038017
33.893415 0.202735
35.889129 0.050305
37.888143 0.609082
39.914098 0.228410
41.893010 1.031373
43.891971 0.101821
45.893921 1.267815
47.898960 1.417778
49.895133 0.785245
51.898108 0.971235
53.907093 0.014516
55.905700 0.000000
57.903681 1.048666
59.903159 0.367565
61.907175 1.331480
63.904457 0.599107
65.931164 0.851067
67.935171 0.653531
69.928006 1.097049
71.931851 0.730606
73.929064 0.652297
75.930157 0.315352
77.935960 0.000000
79.930482 0.000000
81.930908 0.000000
83.934560 0.000000
85.950531 0.000000
87.934100 0.000000
89.949753 0.000000
91.931371 0.000000
93.934618 0.000000
95.934186 0.000000
97.933797 0.000000
99.939095 0.000000
101.934355 0.000000
103.941277 0.000000
105.939656 0.000000
107.936512 0.000000
109.951248 0.000000
111.944202 0.000000
113.944358 0.000000
115.942015 0.000000
117.948883 0.000000
119.948378 0.000000
121.945751 0.000000
123.948322 0.000000
125.951699 0.000000
127.951410 0.000000
129.954082 0.000000
131.954404 0.000000
133.954104 0.000000
