0.000000 0.000000
0.250000 0.013259
0.500000 0.013259
0.750000 0.013259
1.000000 0.013259
1.250000 0.013259
1.500000 0.013259
1.750000 0.013259
2.000000 0.013259
2.250000 0.013259
2.500000 0.013259
2.750000 0.013259
3.000000 0.013259
3.250000 0.013259
3.500000 0.013259
3.750000 0.013259
4.000000 0.013259
4.250000 0.013259
4.500000 0.013259
4.750000 0.013259
5.000000 0.013259
5.250000 0.013259
5.500000 0.013259
5.750000 0.013259
6.000000 0.013259
6.250000 0.013259
6.500000 0.013259
6.750000 0.013259
7.000000 0.013259
7.250000 0.013259
7.500000 0.013259
7.750000 0.013259
8.000000 0.013259
8.250000 0.013259
8.500000 0.013259
8.750000 0.013259
9.000000 0.013259
9.250000 0.013259
9.500000 0.013259
9.750000 0.013259
10.000000 0.013259
10.250000 0.013259
10.500000 0.013259
10.750000 0.013259
11.000000 0.013259
11.250000 0.013259
11.500000 0.013259
11.750000 0.013259
12.000000 0.013259
12.250000 0.013259
12.500000 0.013259
12.750000 0.013259
13.000000 0.013259
13.250000 0.013259
13.500000 0.013259
