0.000000 0.000000
0.250000 0.013857
0.500000 143.819417
0.750000 145.491399
1.000000 146.705404
1.250000 147.554576
1.500000 147.874699
1.750000 148.001677
2.000000 148.087751
2.250000 148.323891
2.500000 148.334718
2.750000 148.345545
3.000000 148.379090
3.250000 148.479036
3.500000 148.528857
3.750000 148.623815
4.000000 148.694351
4.250000 148.721229
4.500000 148.734054
4.750000 148.971083
5.000000 149.004627
5.250000 149.023341
5.500000 149.051869
5.750000 149.088595
6.000000 149.164400
6.250000 149.405481
6.500000 149.584277
6.750000 149.854896
7.000000 150.231384
7.250000 150.244238
7.500000 150.572401
7.750000 150.599264
8.000000 150.634193
8.250000 150.664258
8.500000 150.694703
8.750000 150.716170
9.000000 150.737257
9.250000 150.760776
9.500000 150.843472
9.750000 150.851832
10.000000 151.195955
10.250000 151.357342
10.500000 151.410454
10.750000 151.420238
11.000000 151.443595
11.250000 151.472198
11.500000 151.498149
11.750000 151.512494
12.000000 151.541214
12.250000 151.569291
12.500000 151.596103
12.750000 151.613354
13.000000 151.631067
13.250000 151.645944
13.500000 151.665008
