0.381903 0.079738
1.883111 0.072590
3.881606 0.018807
5.887181 0.000000
7.881870 0.000000
9.887981 0.000000
11.884562 0.015212
13.887150 0.046646
15.890626 0.013361
17.930477 0.007580
19.887012 0.020037
21.889164 0.021453
23.887769 0.005385
25.889554 0.036519
27.890149 0.000000
29.888155 0.010747
31.889286 0.006093
33.892251 0.040380
35.890516 0.043971
37.889270 0.020270
39.904862 0.031856
41.896904 0.008068
43.893703 0.004401
45.897215 0.004081
47.902968 0.000000
49.903673 0.028536
51.901014 0.021636
53.908529 0.008867
55.909652 0.000000
57.904175 0.006952
59.916104 0.032077
61.904514 0.000000
64.415885 0.033093
65.929103 0.018382
67.937932 0.027962
69.927098 0.000000
71.931182 0.016416
73.929482 0.016703
75.933803 0.005994
77.934807 0.000000
79.935973 0.000000
81.931445 0.000000
83.932012 0.000000
85.930427 0.000000
87.938394 0.000000
89.933174 0.000000
91.932095 0.000000
93.947362 0.000000
95.938709 0.000000
97.936017 0.000000
99.943166 0.000000
101.937489 0.000000
103.936385 0.000000
105.938508 0.000000
107.944585 0.000000
109.946380 0.000000
111.939409 0.000000
113.941615 0.000000
115.943784 0.000000
117.941308 0.000000
119.944549 0.000000
121.945133 0.000000
123.948874 0.000000
125.946830 0.000000
127.949129 0.000000
129.958191 0.000000
131.953130 0.000000
133.948940 0.000000
135.948995 0.000000
137.949550 0.000000
139.949197 0.000000
141.978312 0.000000
143.964966 0.000000
146.009525 0.000000
148.009202 0.000000
150.270769 0.000000
152.016111 0.000000
