0.000000 0.000000
0.250000 0.068684
0.500000 0.068684
0.750000 0.068684
1.000000 0.068684
1.250000 0.068684
1.500000 0.068684
1.750000 0.068684
2.000000 0.068684
2.250000 0.068684
2.500000 0.068684
2.750000 0.068684
3.000000 0.068684
3.250000 0.068684
3.500000 0.068684
3.750000 0.068684
4.000000 0.068684
4.250000 0.068684
4.500000 0.068684
4.750000 0.068684
5.000000 0.068684
5.250000 0.068684
5.500000 0.068684
5.750000 0.068684
6.000000 0.068684
6.250000 0.068684
6.500000 0.068684
6.750000 0.068684
7.000000 0.068684
7.250000 0.068684
7.500000 0.068684
7.750000 0.068684
8.000000 0.068684
8.250000 0.068684
8.500000 0.068684
8.750000 0.068684
9.000000 0.068684
9.250000 0.068684
9.500000 0.068684
9.750000 0.068684
10.000000 0.068684
10.250000 0.068684
10.500000 0.068684
10.750000 0.068684
11.000000 0.068684
11.250000 0.068684
11.500000 0.068684
11.750000 0.068684
12.000000 0.068684
12.250000 0.068684
12.500000 0.068684
12.750000 0.068684
13.000000 0.068684
13.250000 0.068684
13.500000 0.068684
13.750000 0.068684
14.000000 0.068684
14.250000 0.068684
14.500000 0.068684
14.750000 0.068684
15.000000 0.068684
15.250000 0.068684
15.500000 0.068684
15.750000 0.068684
16.000000 0.068684
16.250000 0.068684
16.500000 0.068684
16.750000 0.068684
17.000000 0.068684
17.250000 0.068684
17.500000 0.068684
17.750000 0.068684
18.000000 0.068684
18.250000 0.068684
18.500000 0.068684
18.750000 0.068684
19.000000 0.068684
19.250000 0.068684
19.500000 0.068684
19.750000 0.068684
20.000000 0.068684
20.250000 0.068684
20.500000 0.068684
20.750000 0.068684
21.000000 0.068684
21.250000 0.068684
21.500000 0.068684
21.750000 0.068684
22.000000 0.068684
22.250000 0.068684
22.500000 0.068684
22.750000 0.068684
23.000000 0.068684
23.250000 0.068684
23.500000 0.068684
23.750000 0.068684
24.000000 0.068684
24.250000 0.068684
24.500000 0.068684
24.750000 0.068684
25.000000 0.068684
25.250000 0.068684
25.500000 0.068684
25.750000 0.068684
26.000000 0.068684
26.250000 0.068684
26.500000 0.068684
26.750000 0.068684
27.000000 0.068684
27.250000 0.068684
27.500000 0.068684
27.750000 0.068684
28.000000 0.068684
28.250000 0.068684
28.500000 0.068684
28.750000 0.068684
29.000000 0.068684
29.250000 0.068684
29.500000 0.068684
29.750000 0.068684
30.000000 0.068684
30.250000 0.068684
30.500000 0.068684
30.750000 0.068684
31.000000 0.068684
31.250000 0.068684
31.500000 0.068684
31.750000 0.068684
32.000000 0.068684
32.250000 0.068684
32.500000 0.068684
32.750000 0.068684
33.000000 0.068684
33.250000 0.068684
33.500000 0.068684
33.750000 0.068684
34.000000 0.068684
34.250000 0.068684
34.500000 0.068684
34.750000 0.068684
35.000000 0.068684
35.250000 0.068684
35.500000 0.068684
35.750000 0.068684
36.000000 0.068684
36.250000 0.068684
36.500000 0.068684
36.750000 0.068684
37.000000 0.068684
37.250000 0.068684
37.500000 0.068684
37.750000 0.068684
38.000000 0.068684
38.250000 0.068684
38.500000 0.068684
38.750000 0.068684
39.000000 0.068684
39.250000 0.068684
39.500000 0.068684
39.750000 0.068684
40.000000 0.068684
40.250000 0.068684
40.500000 0.068684
40.750000 0.068684
41.000000 0.068684
41.250000 0.068684
41.500000 0.068684
41.750000 0.068684
42.000000 0.068684
42.250000 0.068684
42.500000 0.068684
42.750000 0.068684
43.000000 0.068684
43.250000 0.068684
43.500000 0.068684
43.750000 0.068684
44.000000 0.068684
44.250000 0.068684
44.500000 0.068684
44.750000 0.068684
45.000000 0.068684
45.250000 0.068684
45.500000 0.068684
45.750000 0.068684
46.000000 0.068684
46.250000 0.068684
46.500000 0.068684
46.750000 0.068684
47.000000 0.068684
47.250000 0.068684
47.500000 0.068684
47.750000 0.068684
48.000000 0.068684
48.250000 0.068684
48.500000 0.068684
48.750000 0.068684
49.000000 0.068684
49.250000 0.068684
49.500000 0.068684
49.750000 0.068684
50.000000 0.068684
50.250000 0.068684
50.500000 0.068684
50.750000 0.068684
51.000000 0.068684
51.250000 0.068684
51.500000 0.068684
51.750000 0.068684
52.000000 0.068684
52.250000 0.068684
52.500000 0.068684
52.750000 0.068684
53.000000 0.068684
53.250000 0.068684
53.500000 0.068684
53.750000 0.068684
54.000000 0.068684
