0.006238 0.000000
5.439503 0.000000
5.590269 0.000000
14.221293 0.000000
14.550689 0.000000
14.860541 0.000000
15.160869 2.919102
15.467041 1.355254
15.773572 0.000000
16.090258 0.000000
16.366360 5.306308
16.702935 4.022473
17.021553 2.042189
17.358080 1.100732
17.701917 0.000000
17.961425 0.000000
18.307560 0.000000
18.635989 0.000000
18.939982 5.320958
19.223069 0.096457
19.560452 0.157050
19.873911 0.212051
20.212713 0.288316
20.527549 0.370561
20.857280 5.809098
21.193547 4.850996
21.529131 4.197055
21.858967 4.076712
22.138623 0.781675
22.455854 0.846239
22.779085 0.895680
23.073479 6.162131
23.392528 2.550012
23.666714 1.120272
24.005869 1.179564
24.342467 1.272170
24.684251 1.358590
25.008384 1.437599
25.287000 3.405139
25.613793 1.674392
25.956488 1.514956
26.224685 1.690565
26.563818 1.769630
26.940986 1.833094
27.323992 1.885511
27.708773 1.947783
28.114972 2.033941
28.482351 2.106393
28.836887 2.182352
29.225197 2.230768
29.605819 2.455670
29.928009 2.576090
30.202793 2.432100
30.507207 10.303555
30.888523 2.605425
31.253730 2.686147
31.558649 2.779868
31.937224 2.874994
32.240418 2.920931
32.602123 2.982024
32.989812 3.064658
33.332003 3.087391
33.681132 3.210879
34.007946 3.270465
34.403218 3.324868
34.779481 4.269562
35.133933 6.747282
35.531139 3.604069
35.926963 3.653510
36.334492 5.189162
36.725848 5.693707
37.052455 3.845329
37.411004 3.965542
37.793792 4.039757
38.167219 4.611286
38.526234 4.167947
38.913323 6.171325
39.298314 4.358185
39.685175 4.454555
40.073663 4.499058
40.448383 6.537691
40.817151 7.261917
41.249200 4.785587
41.679149 4.803508
42.079569 4.955819
42.480829 5.005585
42.854000 7.057841
43.201166 8.380682
43.615843 5.295232
43.994616 5.397673
44.323790 5.450821
44.742110 5.561359
45.143539 5.625223
45.553529 5.709556
45.859900 5.751118
46.297150 6.526308
46.757130 5.933539
47.140282 6.775800
47.529898 6.107179
47.900708 6.165295
48.335550 6.820761
48.775448 6.339363
49.232536 6.443497
49.674311 6.559530
50.115606 6.639043
50.560286 6.687556
51.004389 6.803567
51.403498 6.884926
51.869041 6.981152
52.272667 7.042901
52.740156 7.136646
53.213152 7.239113
53.648182 7.490170
54.089213 7.407991
54.551293 7.527504
54.997502 7.610203
55.449228 7.700130
55.768680 7.760922
56.228076 7.817983
56.703402 7.927883
57.118579 10.074851
57.572513 8.108330
58.026678 8.224916
58.499813 8.301157
58.951138 8.352962
59.431107 8.467771
59.883850 8.550989
60.262617 8.611777
60.628374 9.289641
61.013698 8.741066
61.494643 8.834707
61.986218 8.925021
62.460100 9.032029
62.856729 9.116796
63.306345 9.198936
63.745254 9.253274
64.113073 9.397582
64.559937 9.442356
65.035578 9.557751
65.534408 10.296341
65.948219 9.744072
66.405998 9.840501
66.885819 9.930820
67.348469 10.025149
67.807041 10.126966
68.263236 10.242504
68.734116 10.306197
69.225189 10.412189
69.691174 10.513269
70.190731 10.614796
70.688919 10.725263
71.155355 12.232116
71.516466 10.910992
71.965894 10.957814
72.418645 11.045590
72.903691 11.153366
73.348074 11.499335
73.835440 11.291992
74.310970 11.455125
74.826856 11.537825
75.274577 11.633197
75.742289 11.682741
76.193122 11.778462
76.679624 11.893525
77.106307 11.973899
77.560942 12.119124
78.004912 12.191992
78.440229 12.205140
78.902620 12.292504
79.403396 12.393139
79.790657 12.452912
80.255452 12.642238
80.627272 12.571968
81.049061 12.626306
81.533962 12.712494
82.008874 12.823039
82.490789 12.932530
82.972903 12.985575
83.294993 13.020016
83.782041 13.090403
84.267604 13.206127
84.751472 13.318468
85.272761 13.410473
85.781631 13.514509
86.257621 13.611907
86.662667 13.676381
87.167234 13.779225
87.680175 13.896377
88.177209 13.971315
88.703119 14.085722
89.186495 14.195939
89.660061 15.757802
90.132379 14.344651
90.661246 14.455899
91.161229 14.579888
91.674885 14.674965
92.201097 14.780644
92.742237 14.859323
93.907051 15.048923
94.357730 15.073785
94.786469 15.062496
95.242801 15.170909
95.695314 15.217186
96.192226 15.325500
96.672669 15.556446
97.093408 15.583873
97.609537 15.592686
98.073263 15.663681
98.592604 15.745736
99.084929 15.829604
99.607455 15.943116
100.116277 16.043389
100.623290 16.155883
106.410515 16.195521
107.898032 16.481446
108.738178 16.704278
109.210089 16.530353
109.658991 16.626903
110.110184 16.706261
110.554390 16.821587
111.042639 16.925757
111.541180 16.981910
111.995347 17.072949
112.493550 17.168547
112.971407 17.277280
113.460411 17.338540
113.958031 17.764134
114.449278 17.499949
114.957717 17.608300
115.473326 17.709873
116.019101 17.821875
