0.000000 0.000000
0.250000 2.333203
0.500000 2.333203
0.750000 2.333203
1.000000 2.333203
1.250000 2.333203
1.500000 2.333203
1.750000 2.333203
2.000000 2.333203
2.250000 2.333203
2.500000 2.333203
2.750000 2.333203
3.000000 2.333203
3.250000 2.333203
3.500000 2.333203
3.750000 2.333203
4.000000 2.333203
4.250000 2.333203
4.500000 2.333203
4.750000 2.333203
5.000000 2.333203
5.250000 2.333203
5.500000 2.333203
5.750000 2.333203
6.000000 2.333203
6.250000 2.333203
6.500000 2.333203
6.750000 2.333203
7.000000 2.333203
7.250000 2.333203
7.500000 2.333203
7.750000 2.333203
8.000000 2.333203
8.250000 2.333203
8.500000 2.333203
8.750000 2.333203
9.000000 2.333203
9.250000 2.333203
9.500000 2.333203
9.750000 2.333203
10.000000 2.333203
10.250000 2.333203
10.500000 2.333203
10.750000 2.333203
11.000000 2.333203
11.250000 2.333203
11.500000 2.333203
11.750000 2.333203
12.000000 2.333203
12.250000 2.333203
12.500000 2.333203
12.750000 2.333203
13.000000 2.333203
13.250000 2.333203
13.500000 2.333203
13.750000 2.333203
14.000000 2.333203
14.250000 2.333203
14.500000 2.333203
14.750000 2.333203
15.000000 2.333203
15.250000 2.333203
15.500000 2.333203
15.750000 2.333203
16.000000 2.333203
16.250000 2.333203
16.500000 2.333203
16.750000 2.333203
17.000000 2.333203
17.250000 2.333203
17.500000 2.333203
17.750000 2.333203
18.000000 2.333203
18.250000 2.333203
18.500000 2.333203
18.750000 2.333203
19.000000 2.333203
19.250000 2.333203
19.500000 2.333203
19.750000 2.333203
20.000000 2.333203
20.250000 2.333203
20.500000 2.333203
20.750000 2.333203
21.000000 2.333203
21.250000 2.333203
21.500000 2.333203
21.750000 2.333203
22.000000 2.333203
22.250000 2.333203
22.500000 2.333203
22.750000 2.333203
23.000000 2.333203
23.250000 2.333203
23.500000 2.333203
23.750000 2.333203
24.000000 2.333203
24.250000 2.333203
24.500000 2.333203
24.750000 2.333203
25.000000 2.333203
25.250000 2.333203
25.500000 2.333203
25.750000 2.333203
26.000000 2.333203
26.250000 2.333203
26.500000 2.333203
26.750000 2.333203
27.000000 2.333203
27.250000 2.333203
27.500000 2.333203
27.750000 2.333203
28.000000 2.333203
28.250000 2.333203
28.500000 2.333203
28.750000 2.333203
29.000000 2.333203
29.250000 2.333203
29.500000 2.333203
29.750000 2.333203
30.000000 2.333203
30.250000 2.333203
30.500000 2.333203
30.750000 2.333203
31.000000 2.333203
31.250000 2.333203
31.500000 2.333203
31.750000 2.333203
