0.000000 0.000000
0.250000 0.070914
0.500000 0.070914
0.750000 0.070914
1.000000 0.070914
1.250000 0.070914
1.500000 0.070914
1.750000 0.070914
2.000000 0.070914
2.250000 0.070914
2.500000 0.070914
2.750000 0.070914
3.000000 0.070914
3.250000 0.070914
3.500000 0.070914
3.750000 0.070914
4.000000 0.070914
4.250000 0.070914
4.500000 0.070914
4.750000 0.070914
5.000000 0.070914
5.250000 0.070914
5.500000 0.070914
5.750000 0.070914
6.000000 0.070914
6.250000 0.070914
6.500000 0.070914
6.750000 0.070914
7.000000 0.070914
7.250000 0.070914
7.500000 0.070914
7.750000 0.070914
8.000000 0.070914
8.250000 0.070914
8.500000 0.070914
8.750000 0.070914
9.000000 0.070914
9.250000 0.070914
9.500000 0.070914
9.750000 0.070914
10.000000 0.070914
10.250000 0.070914
10.500000 0.070914
10.750000 0.070914
11.000000 0.070914
11.250000 0.070914
11.500000 0.070914
11.750000 0.070914
12.000000 0.070914
12.250000 0.070914
12.500000 0.070914
12.750000 0.070914
13.000000 0.070914
13.250000 0.070914
13.500000 0.070914
13.750000 0.070914
14.000000 0.070914
14.250000 0.070914
14.500000 0.070914
14.750000 0.070914
15.000000 0.070914
15.250000 0.070914
15.500000 0.070914
15.750000 0.070914
16.000000 0.070914
16.250000 0.070914
16.500000 0.070914
16.750000 0.070914
17.000000 0.070914
17.250000 0.070914
17.500000 0.070914
17.750000 0.070914
18.000000 0.070914
18.250000 0.070914
18.500000 0.070914
18.750000 0.070914
19.000000 0.070914
19.250000 0.070914
19.500000 0.070914
19.750000 0.070914
20.000000 0.070914
20.250000 0.070914
20.500000 0.070914
20.750000 0.070914
21.000000 0.070914
21.250000 0.070914
21.500000 0.070914
21.750000 0.070914
22.000000 0.070914
22.250000 0.070914
22.500000 0.070914
22.750000 0.070914
23.000000 0.070914
23.250000 0.070914
23.500000 0.070914
23.750000 0.070914
24.000000 0.070914
24.250000 0.070914
24.500000 0.070914
24.750000 0.070914
25.000000 0.070914
25.250000 0.070914
25.500000 0.070914
25.750000 0.070914
26.000000 0.070914
26.250000 0.070914
26.500000 0.070914
26.750000 0.070914
27.000000 0.070914
27.250000 0.070914
27.500000 0.070914
27.750000 0.070914
28.000000 0.070914
28.250000 0.070914
28.500000 0.070914
28.750000 0.070914
29.000000 0.070914
29.250000 0.070914
29.500000 0.070914
29.750000 0.070914
30.000000 0.070914
30.250000 0.070914
30.500000 0.070914
30.750000 0.070914
31.000000 0.070914
31.250000 0.070914
31.500000 0.070914
31.750000 0.070914
32.000000 0.070914
32.250000 0.070914
32.500000 0.070914
32.750000 0.070914
33.000000 0.070914
33.250000 0.070914
33.500000 0.070914
33.750000 0.070914
34.000000 0.070914
34.250000 0.070914
34.500000 0.070914
34.750000 0.070914
35.000000 0.070914
35.250000 0.070914
35.500000 0.070914
35.750000 0.070914
36.000000 0.070914
36.250000 0.070914
36.500000 0.070914
36.750000 0.070914
37.000000 0.070914
37.250000 0.070914
37.500000 0.070914
37.750000 0.070914
38.000000 0.070914
38.250000 0.070914
38.500000 0.070914
38.750000 0.070914
39.000000 0.070914
39.250000 0.070914
39.500000 0.070914
39.750000 0.070914
40.000000 0.070914
40.250000 0.070914
40.500000 0.070914
40.750000 0.070914
41.000000 0.070914
41.250000 0.070914
41.500000 0.070914
41.750000 0.070914
42.000000 0.070914
42.250000 0.070914
42.500000 0.070914
42.750000 0.070914
43.000000 0.070914
43.250000 0.070914
43.500000 0.070914
43.750000 0.070914
44.000000 0.070914
44.250000 0.070914
44.500000 0.070914
44.750000 0.070914
45.000000 0.070914
45.250000 0.070914
45.500000 0.070914
45.750000 0.070914
46.000000 0.070914
46.250000 0.070914
46.500000 0.070914
46.750000 0.070914
47.000000 0.070914
47.250000 0.070914
47.500000 0.070914
47.750000 0.070914
48.000000 0.070914
48.250000 0.070914
48.500000 0.070914
48.750000 0.070914
49.000000 0.070914
49.250000 0.070914
49.500000 0.070914
49.750000 0.070914
50.000000 0.070914
50.250000 0.070914
50.500000 0.070914
50.750000 0.070914
51.000000 0.070914
51.250000 0.070914
51.500000 0.070914
51.750000 0.070914
52.000000 0.070914
52.250000 0.070914
52.500000 0.070914
52.750000 0.070914
53.000000 0.070914
53.250000 0.070914
53.500000 0.070914
53.750000 0.070914
54.000000 0.070914
