0.000000 0.000000
0.250000 0.120454
0.500000 0.131968
0.750000 0.226561
1.000000 0.331748
1.250000 0.436935
1.500000 0.542122
1.750000 0.647309
2.000000 0.752496
2.250000 0.857683
2.500000 0.962870
2.750000 1.068057
3.000000 1.173244
3.250000 1.278431
3.500000 1.383618
3.750000 1.488805
4.000000 1.593992
4.250000 1.699179
4.500000 1.804366
4.750000 1.909553
5.000000 2.014740
5.250000 2.119927
5.500000 2.225114
5.750000 2.330301
6.000000 2.435488
6.250000 2.540675
6.500000 2.645862
6.750000 2.751049
7.000000 2.856236
7.250000 2.961423
7.500000 3.066610
7.750000 3.171797
8.000000 3.276984
8.250000 3.382171
8.500000 3.487358
8.750000 3.592545
9.000000 3.697732
9.250000 3.802919
9.500000 3.908106
9.750000 4.013293
10.000000 4.118480
10.250000 4.223667
10.500000 4.328854
10.750000 4.434041
11.000000 4.539228
11.250000 4.644415
11.500000 4.749602
11.750000 4.854789
12.000000 4.959976
12.250000 5.065163
12.500000 5.170350
12.750000 5.275537
