0.204910 0.124871
5.445396 0.136835
5.594979 0.136835
14.231190 0.136835
14.557471 0.136835
14.864706 0.136835
15.162245 0.136835
15.471044 0.136835
15.768291 0.136835
16.088219 0.136835
16.379515 0.136835
16.713972 0.136835
17.034800 0.136835
17.365336 0.136835
17.695497 0.136835
17.967118 0.136835
18.314139 0.136835
18.643215 0.136835
18.949106 0.136835
19.228010 0.136835
19.561499 0.136835
19.882705 0.136835
20.220643 0.136835
20.536588 0.136835
20.863871 0.136835
21.204569 0.136835
21.535515 0.136835
21.869468 0.136835
22.146610 0.136835
22.470716 0.136835
22.779312 0.136835
23.078918 0.136835
23.397951 0.136835
23.675851 0.136835
23.997270 0.136835
24.349707 0.136835
24.690834 0.136835
25.016077 0.136835
25.293347 0.136835
25.625300 0.136835
25.967213 0.136835
26.223857 0.136835
26.572174 0.136835
26.953298 0.136835
27.330590 0.136835
27.716354 0.136835
28.124316 0.136835
28.489913 0.136835
28.847765 0.136835
29.237349 0.136835
29.615762 0.136835
29.939823 0.136835
30.209991 0.136835
30.513379 0.136835
30.899716 0.136835
31.259925 0.136835
31.576095 0.136835
31.937177 0.136835
32.247886 0.136835
32.612103 0.136835
32.996473 0.136835
33.338126 0.136835
33.693692 0.136835
34.014192 0.136835
34.408324 0.136835
34.788603 0.136835
35.139281 0.136835
35.548768 0.136835
35.936426 0.136835
36.351340 0.136835
36.725470 0.136835
37.066457 0.136835
37.418866 0.136835
37.796290 0.136835
38.164421 0.136835
38.534910 0.136835
38.920522 0.136835
39.303732 0.136835
39.698050 0.136835
40.085209 0.136835
40.455728 0.136835
40.822223 0.136835
41.254343 0.136835
41.693114 0.136835
42.087017 0.136835
42.487038 0.136835
42.860953 0.136835
43.207444 0.136835
43.625097 0.136835
44.001204 0.136835
44.334203 0.136835
44.723969 0.136835
45.147465 0.136835
45.568487 0.136835
45.876267 0.136835
46.309881 0.136835
46.769111 0.136835
47.166616 0.136835
47.541757 0.136835
47.910228 0.136835
48.345963 0.136835
48.785483 0.136835
49.238047 0.136835
49.684724 0.136835
50.130269 0.136835
50.566980 0.136835
51.013517 0.136835
51.411123 0.136835
51.848487 0.136835
52.280914 0.136835
52.752704 0.136835
53.220900 0.136835
53.654262 0.136835
54.095209 0.136835
54.556037 0.136835
55.011473 0.136835
55.472946 0.136835
55.777733 0.136835
56.230456 0.136835
56.709144 0.136835
57.128033 0.136835
57.579745 0.136835
58.032776 0.136835
58.510603 0.136835
58.952890 0.136835
59.438118 0.136835
59.893045 0.136835
60.272332 0.136835
60.628575 0.136835
61.018769 0.136835
61.505871 0.136835
61.992046 0.136835
62.472931 0.136835
62.870288 0.136835
63.318967 0.136835
63.761175 0.136835
64.119875 0.136835
64.571797 0.136835
65.043600 0.136835
65.542803 0.136835
65.959177 0.136835
66.417804 0.136835
66.887030 0.136835
67.361859 0.136835
67.808080 0.136835
68.271737 0.136835
68.742513 0.136835
69.229286 0.136835
69.696149 0.136835
70.202760 0.136835
70.707895 0.136835
71.165684 0.136835
71.523496 0.136835
71.976611 0.136835
72.426739 0.136835
72.910384 0.136835
73.349410 0.136835
73.817752 0.136835
74.321821 0.136835
74.832520 0.136835
75.284206 0.136835
75.743868 0.136835
76.201669 0.136835
76.693741 0.136835
77.117040 0.136835
77.567919 0.136835
77.982142 0.136835
78.444322 0.136835
78.910337 0.136835
79.405999 0.136835
79.804333 0.136835
80.231531 0.136835
80.638735 0.136835
81.062830 0.136835
81.545329 0.136835
82.023474 0.136835
82.499850 0.136835
82.985523 0.136835
83.302578 0.136835
83.788861 0.136835
84.273197 0.136835
84.759002 0.136835
85.278305 0.136835
85.790992 0.136835
86.270057 0.136835
86.669631 0.136835
87.172032 0.136835
87.689596 0.136835
88.177266 0.136835
88.707875 0.136835
89.198306 0.136835
89.668191 0.136835
90.147282 0.136835
90.669730 0.136835
91.162580 0.136835
91.679493 0.136835
92.214033 0.136835
92.751789 0.136835
93.943206 0.136835
94.362257 0.136835
94.794549 0.136835
95.247347 0.136835
95.726406 0.136835
96.200204 0.136835
96.678712 0.136835
97.100006 0.136835
97.628391 0.136835
98.084011 0.136835
98.599439 0.136835
99.099212 0.136835
99.610937 0.136835
100.122801 0.136835
100.631943 0.136835
106.363475 0.136835
107.906408 0.136835
108.755739 0.136835
109.214254 0.136835
109.667040 0.136835
110.113479 0.136835
110.560876 0.136835
111.044315 0.136835
111.545513 0.136835
111.994368 0.136835
112.494083 0.136835
112.977391 0.136835
113.467921 0.136835
113.947190 0.136835
114.453824 0.136835
114.972305 0.136835
115.486781 0.136835
116.028029 0.136835
