0.003916 4.514403
5.432327 3.909581
5.585425 0.313337
14.222492 8.757515
14.551681 9.232507
14.863935 10.007855
15.151997 9.253646
15.463537 9.227418
15.775963 9.281581
16.086566 10.559233
16.359586 8.301867
16.706843 9.172189
17.021150 8.596915
17.356489 8.388018
17.700180 10.968951
17.963002 8.361380
18.307788 8.881023
18.632399 9.389103
18.939445 10.175124
19.222772 8.684300
19.554737 9.048342
19.873346 8.571329
20.209686 9.130247
20.525437 8.703890
20.856655 8.644463
21.190149 8.526273
21.528267 8.711079
21.859211 10.436812
22.135434 8.923836
22.458488 9.108013
22.775010 9.568133
23.076311 9.290285
23.386622 10.148801
23.670684 8.548817
24.007910 8.656442
24.340943 8.464282
24.681537 8.770629
25.010234 10.318648
25.289620 8.685781
25.621528 8.587923
25.955232 10.769476
26.224506 8.520549
26.562851 7.563799
26.943993 7.614068
27.322619 7.468878
27.708606 6.981097
28.121561 7.966205
28.483450 8.016650
28.843062 7.568783
29.223954 7.424273
29.612259 8.924980
29.935272 10.744878
30.203575 9.748911
30.499288 7.448805
30.886314 7.746302
31.258477 9.569289
31.559741 7.516084
31.943303 9.760636
32.238661 7.973828
32.600204 7.454561
32.986932 8.122538
33.339754 8.534361
33.679551 8.810890
34.006747 7.324200
34.400357 7.665826
34.776427 8.045942
35.134730 7.338229
35.527588 7.147840
35.930910 7.166112
36.333204 7.929904
36.724728 8.345645
37.041534 7.802908
37.413184 7.632962
37.790873 7.844037
38.171453 7.930768
38.522047 7.421884
38.910477 7.510863
39.294306 7.377749
39.685060 7.485036
40.070213 7.602840
40.449398 7.867856
40.815811 6.685274
41.247039 6.703274
41.677110 7.295204
42.072286 6.928320
42.488387 7.932616
42.851808 8.262609
43.200716 6.949297
43.615561 7.630618
43.993366 8.829604
44.319868 7.191504
44.720741 6.898743
45.138626 7.031054
45.548648 9.287990
45.859036 6.584640
46.296856 6.441803
46.744383 7.321479
47.138140 7.527498
47.521120 7.612756
47.899811 6.641303
48.333895 6.615676
48.769661 6.269080
49.229518 6.520957
49.671613 6.471411
50.117093 6.614505
50.552936 6.482108
50.995048 7.141791
51.401101 6.505093
51.844275 6.843475
52.265535 6.085849
52.739238 6.102865
53.211619 6.702833
53.641719 6.491860
54.085795 6.202520
54.550588 6.457029
54.997060 6.403524
55.447262 9.114922
55.763544 6.319194
56.219755 5.972391
56.702456 7.156159
57.105310 6.225227
57.568407 6.325648
58.024152 5.995461
58.504996 6.625201
58.940135 5.960022
59.423839 6.328324
59.879391 7.576996
60.259869 8.373270
60.604165 7.066044
61.012156 5.958587
61.495976 5.955695
61.980031 6.065314
62.455338 7.291759
62.850700 6.367448
63.303453 6.568333
63.742360 7.869143
64.106544 6.407024
64.559164 6.084719
65.032955 5.999296
65.513492 6.679647
65.945084 6.349182
66.399140 5.962580
66.882636 6.217032
67.346343 6.391660
67.797381 6.197934
68.262517 6.149845
68.731291 5.784619
69.229661 6.292463
69.687810 5.748062
70.189350 5.791156
70.687158 6.288288
71.145611 7.612664
71.524306 6.655346
71.954910 6.293676
72.415682 5.970047
72.898573 6.523805
73.337860 5.886544
73.827601 6.064064
74.305820 5.536479
74.826527 6.484164
75.271130 6.150243
75.739873 6.416805
76.189144 5.964853
76.672456 6.735362
77.100478 6.186025
77.566510 6.912271
77.988515 6.198738
78.448085 6.388968
78.899313 5.730478
79.402392 7.303298
79.797129 6.706161
80.227015 7.234640
80.625498 6.880238
81.044507 5.915746
81.531831 6.118995
82.000179 5.918340
82.490173 6.045361
82.967048 8.627873
83.301184 6.027681
83.779458 5.989215
84.260804 5.941292
84.746032 5.493376
85.270825 5.839384
85.761599 5.892150
86.253770 7.169133
86.655895 5.731853
87.158853 5.616738
87.672120 5.829977
88.163685 5.466118
88.691095 5.908481
89.181906 6.168592
89.646488 6.052253
90.125641 5.451476
90.654467 5.712995
91.159085 5.595299
91.674318 5.458492
92.202465 5.438450
92.732558 2.471598
93.905868 6.367144
94.355962 6.737342
94.783858 6.369156
95.236490 6.376208
95.688622 5.750485
96.189950 6.088141
96.663475 6.754705
97.090271 5.591571
97.605848 6.326025
98.061566 5.495410
98.586164 5.881936
99.076289 5.501663
99.600291 5.635425
100.111856 5.674141
100.616922 0.499477
106.388730 1.930040
107.917792 3.486580
108.729958 6.040818
109.207192 6.335959
109.662196 6.469871
110.107782 6.534938
110.548931 5.891516
111.038259 5.938323
111.523730 6.080059
111.997884 5.928969
112.484120 6.000820
112.964535 5.840268
113.458157 5.884025
113.948108 5.841864
114.441595 5.509564
114.964846 5.732892
115.464736 5.281823
