0.006238 0.306897
5.439503 0.510191
5.590269 0.039580
14.221293 1.065374
14.550689 1.130274
14.860541 1.166097
15.160869 1.143838
15.467041 1.142596
15.773572 1.106084
16.090258 1.268273
16.366360 1.040559
16.702935 1.099189
17.021553 1.040754
17.358080 1.018557
17.701917 1.349501
17.961425 1.011781
18.307560 1.066337
18.635989 1.152020
18.939982 1.237102
19.223069 1.037994
19.560452 1.117241
19.873911 1.033680
20.212713 1.112397
20.527549 1.062145
20.857280 1.041497
21.193547 1.043581
21.529131 1.061819
21.858967 1.252301
22.138623 1.104022
22.455854 1.083530
22.779085 1.189613
23.073479 1.097861
23.392528 1.277092
23.666714 1.032599
24.005869 1.040476
24.342467 1.024687
24.684251 1.080477
25.008384 1.256963
25.287000 1.071620
25.613793 1.015851
25.956488 1.313626
26.224685 1.032639
26.563818 0.928530
26.940986 0.914363
27.323992 0.910169
27.708773 0.862245
28.114972 0.953299
28.482351 0.987845
28.836887 0.901922
29.225197 0.920132
29.605819 1.087021
29.928009 1.274546
30.202793 1.150404
30.507207 0.918461
30.888523 0.958968
31.253730 1.148573
31.558649 0.925219
31.937224 1.154925
32.240418 0.968227
32.602123 0.903370
32.989812 1.021058
33.332003 1.005494
33.681132 1.071608
34.007946 0.886071
34.403218 0.930792
34.779481 0.988065
35.133933 0.881762
35.531139 0.884758
35.926963 0.859363
36.334492 0.974076
36.725848 0.974993
37.052455 0.978928
37.411004 0.914867
37.793792 0.960358
38.167219 0.952033
38.526234 0.904730
38.913323 0.909633
39.298314 0.905267
39.685175 0.901466
40.073663 0.934623
40.448383 0.949697
40.817151 0.810581
41.249200 0.814567
41.679149 0.874634
42.079569 0.872806
42.480829 0.938503
42.854000 1.008803
43.201166 0.844611
43.615843 0.924674
43.994616 1.063907
44.323790 0.837184
44.742110 0.872438
45.143539 0.854222
45.553529 1.143106
45.859900 0.800936
46.297150 0.761454
46.757130 0.913942
47.140282 0.898961
47.529898 0.944333
47.900708 0.805362
48.335550 0.796143
48.775448 0.766183
49.232536 0.793077
49.674311 0.793287
50.115606 0.787585
50.560286 0.788616
51.004389 0.877487
51.403498 0.752355
51.869041 0.867631
52.272667 0.749137
52.740156 0.740442
53.213152 0.805032
53.648182 0.794074
54.089213 0.757972
54.551293 0.784853
54.997502 0.775278
55.449228 1.096289
55.768680 0.762306
56.228076 0.736762
56.703402 0.843533
57.118579 0.771487
57.572513 0.771110
58.026678 0.740169
58.499813 0.775942
58.951138 0.729632
59.431107 0.773517
59.883850 0.924579
60.262617 0.985773
60.628374 0.882005
61.013698 0.728155
61.494643 0.712448
61.986218 0.739022
62.460100 0.882957
62.856729 0.778941
63.306345 0.797946
63.745254 0.952105
64.113073 0.783694
64.559937 0.736280
65.035578 0.722921
65.534408 0.821133
65.948219 0.765036
66.405998 0.729883
66.885819 0.756950
67.348469 0.763693
67.807041 0.767697
68.263236 0.743742
68.734116 0.713155
69.225189 0.751550
69.691174 0.701039
70.190731 0.702961
70.688919 0.750815
71.155355 0.969814
71.516466 0.779214
71.965894 0.773498
72.418645 0.722008
72.903691 0.788137
73.348074 0.716812
73.835440 0.738289
74.310970 0.678882
74.826856 0.782223
75.274577 0.748779
75.742289 0.776800
76.193122 0.719929
76.679624 0.820681
77.106307 0.772504
77.560942 0.814477
78.004912 0.776057
78.440229 0.757377
78.902620 0.699328
79.403396 0.904344
79.790657 0.762409
80.255452 0.930692
80.627272 0.830315
81.049061 0.722240
81.533962 0.737418
82.008874 0.726689
82.490789 0.726469
82.972903 1.087190
83.294993 0.719035
83.782041 0.721238
84.267604 0.723778
84.751472 0.671847
85.272761 0.688226
85.781631 0.735739
86.257621 0.864597
86.662667 0.694061
87.167234 0.682743
87.680175 0.703937
88.177209 0.666591
88.703119 0.724489
89.186495 0.739510
89.660061 0.741454
90.132379 0.662190
90.661246 0.700459
91.161229 0.681792
91.674885 0.665528
92.201097 0.647161
92.742237 0.302477
93.907051 0.772350
94.357730 0.816966
94.786469 0.767472
95.242801 0.773929
95.695314 0.704761
96.192226 0.733398
96.672669 0.827336
97.093408 0.678588
97.609537 0.755197
98.073263 0.674324
98.592604 0.711324
99.084929 0.670219
99.607455 0.688278
100.116277 0.690738
100.623290 0.060515
106.410515 0.236875
107.898032 0.414314
108.738178 0.742116
109.210089 0.780155
109.658991 0.776175
110.110184 0.788403
110.554390 0.717283
111.042639 0.702450
111.541180 0.771140
111.995347 0.702940
112.493550 0.732855
112.971407 0.716194
113.460411 0.703768
113.958031 0.712915
114.449278 0.688805
114.957717 0.679219
115.473326 0.641668
