0.000000 0.060894
0.250000 0.140141
0.500000 1.161738
0.750000 0.110854
1.000000 0.108372
1.250000 0.105889
1.500000 0.103407
1.750000 0.100924
2.000000 0.098442
2.250000 0.095960
2.500000 0.093477
2.750000 0.090995
3.000000 0.088589
3.250000 0.086106
3.500000 0.083624
3.750000 0.081141
4.000000 0.078659
4.250000 0.076215
4.500000 1.250834
4.750000 1.248352
5.000000 1.245870
5.250000 1.243387
5.500000 1.240905
5.750000 1.238422
6.000000 0.058838
6.250000 0.056394
6.500000 0.053949
6.750000 0.051543
7.000000 1.226163
7.250000 0.046578
7.500000 0.044096
7.750000 0.041614
8.000000 0.039131
8.250000 0.036649
8.500000 0.034166
8.750000 0.031684
9.000000 0.029202
9.250000 0.026719
9.500000 0.024275
9.750000 1.198895
10.000000 1.196412
10.250000 1.025680
10.500000 1.209484
10.750000 1.207002
11.000000 1.204519
11.250000 1.202037
11.500000 0.022452
11.750000 0.019970
12.000000 0.017488
12.250000 0.015005
12.500000 0.012523
12.750000 0.010040
13.000000 0.007558
13.250000 0.456306
13.500000 0.016571
13.750000 0.014089
14.000000 0.011606
14.250000 0.009162
14.500000 0.006680
14.750000 0.004197
15.000000 0.001715
15.250000 0.000000
15.500000 0.000000
15.750000 0.000000
16.000000 0.002501
16.250000 0.000057
16.500000 0.000000
16.750000 0.000000
17.000000 0.000000
17.250000 0.000000
17.500000 0.000000
17.750000 0.000000
18.000000 0.000000
18.250000 0.000000
18.500000 0.000000
18.750000 0.000000
19.000000 0.000000
19.250000 0.000000
19.500000 0.000000
19.750000 0.000000
20.000000 0.000000
20.250000 0.000000
20.500000 0.000000
20.750000 0.000000
21.000000 0.000000
21.250000 0.000000
21.500000 0.000000
21.750000 0.000000
22.000000 0.000000
22.250000 0.000000
22.500000 0.000000
22.750000 0.000000
23.000000 0.000000
23.250000 0.000000
23.500000 0.000000
23.750000 0.000000
24.000000 0.000000
24.250000 0.000000
24.500000 0.000000
24.750000 0.000000
25.000000 0.000000
25.250000 0.000000
25.500000 0.000000
25.750000 0.000000
26.000000 0.000000
26.250000 0.000000
26.500000 0.000000
26.750000 0.000000
27.000000 0.000000
27.250000 0.000000
27.500000 0.000000
27.750000 0.000000
28.000000 0.000000
28.250000 0.000000
28.500000 0.000000
28.750000 0.000000
29.000000 0.000000
29.250000 0.000000
29.500000 0.000000
29.750000 0.000000
30.000000 0.000000
30.250000 0.000000
30.500000 0.000000
30.750000 0.000000
31.000000 0.000000
31.250000 0.000000
31.500000 0.000000
31.750000 0.000000
32.000000 0.000000
32.250000 0.000000
32.500000 0.000000
32.750000 0.000000
33.000000 0.000000
33.250000 0.000000
33.500000 0.000000
33.750000 0.000000
34.000000 0.000000
34.250000 1.024319
34.500000 1.021836
34.750000 0.000000
35.000000 1.013823
35.250000 1.011340
35.500000 0.000000
35.750000 0.000000
36.000000 0.000000
36.250000 0.000000
36.500000 0.995917
36.750000 0.000000
37.000000 0.000000
37.250000 0.000000
37.500000 0.000000
37.750000 0.000000
38.000000 0.000000
38.250000 0.000000
38.500000 0.000000
38.750000 0.000000
39.000000 0.000000
39.250000 0.000000
39.500000 0.000000
39.750000 0.000000
40.000000 0.000000
40.250000 0.000000
40.500000 0.000000
40.750000 0.000000
41.000000 0.000000
41.250000 0.000000
41.500000 0.000000
41.750000 0.000000
42.000000 0.000000
42.250000 0.000000
42.500000 0.000000
42.750000 0.000000
43.000000 0.000000
43.250000 0.000000
43.500000 0.306010
43.750000 0.289513
44.000000 0.000000
44.250000 0.953296
44.500000 0.311824
44.750000 0.000000
45.000000 0.000000
45.250000 0.951149
45.500000 0.948667
45.750000 0.946184
46.000000 0.943702
46.250000 0.941219
46.500000 0.938737
46.750000 0.936255
47.000000 0.000000
47.250000 0.000000
47.500000 0.000000
47.750000 0.000000
48.000000 0.000000
48.250000 0.000000
48.500000 0.000000
48.750000 0.000000
49.000000 0.000000
49.250000 0.000000
49.500000 0.000000
49.750000 0.000000
50.000000 0.000000
50.250000 0.000000
50.500000 0.000000
50.750000 0.000000
51.000000 0.000000
51.250000 0.000000
51.500000 0.000000
51.750000 0.000000
52.000000 0.000000
52.250000 0.000000
52.500000 0.000000
52.750000 0.000000
53.000000 0.000000
53.250000 0.000000
53.500000 0.000000
53.750000 0.000000
54.000000 0.000000
