0.000000 0.000000
0.250000 0.115294
0.500000 0.115294
0.750000 0.115294
1.000000 0.115294
1.250000 0.115294
1.500000 0.115294
1.750000 0.115294
2.000000 0.115294
2.250000 0.115294
2.500000 0.115294
2.750000 0.115294
3.000000 0.115294
3.250000 0.115294
3.500000 0.115294
3.750000 0.115294
4.000000 0.115294
4.250000 0.115294
4.500000 0.115294
4.750000 0.115294
5.000000 0.115294
5.250000 0.115294
5.500000 0.115294
5.750000 0.115294
6.000000 0.115294
6.250000 0.115294
6.500000 0.115294
6.750000 0.115294
7.000000 0.115294
7.250000 0.115294
7.500000 0.115294
7.750000 0.115294
8.000000 0.115294
8.250000 0.115294
8.500000 0.115294
8.750000 0.115294
9.000000 0.115294
9.250000 0.115294
9.500000 0.115294
9.750000 0.115294
10.000000 0.115294
10.250000 0.115294
10.500000 0.115294
10.750000 0.115294
11.000000 0.115294
11.250000 0.115294
11.500000 0.115294
11.750000 0.115294
12.000000 0.115294
12.250000 0.115294
12.500000 0.115294
12.750000 0.115294
13.000000 0.115294
13.250000 0.115294
13.500000 0.115294
13.750000 0.115294
14.000000 0.115294
14.250000 0.115294
14.500000 0.115294
14.750000 0.115294
15.000000 0.115294
15.250000 0.115294
15.500000 0.115294
15.750000 0.115294
16.000000 0.115294
16.250000 0.115294
16.500000 0.115294
16.750000 0.115294
17.000000 0.115294
17.250000 0.115294
17.500000 0.115294
17.750000 0.115294
18.000000 0.115294
18.250000 0.115294
18.500000 0.115294
18.750000 0.115294
19.000000 0.115294
19.250000 0.115294
19.500000 0.115294
19.750000 0.115294
20.000000 0.115294
20.250000 0.115294
20.500000 0.115294
20.750000 0.115294
21.000000 0.115294
21.250000 0.115294
21.500000 0.115294
21.750000 0.115294
22.000000 0.115294
22.250000 0.115294
22.500000 0.115294
22.750000 0.115294
23.000000 0.115294
23.250000 0.115294
23.500000 0.115294
23.750000 0.115294
24.000000 0.115294
24.250000 0.115294
24.500000 0.115294
24.750000 0.115294
25.000000 0.115294
25.250000 0.115294
25.500000 0.115294
25.750000 0.115294
26.000000 0.115294
26.250000 0.115294
26.500000 0.115294
26.750000 0.115294
27.000000 0.115294
27.250000 0.115294
27.500000 0.115294
27.750000 0.115294
28.000000 0.115294
28.250000 0.115294
28.500000 0.115294
28.750000 0.115294
29.000000 0.115294
29.250000 0.115294
29.500000 0.115294
29.750000 0.115294
30.000000 0.115294
30.250000 0.115294
30.500000 0.115294
30.750000 0.115294
31.000000 0.115294
31.250000 0.115294
31.500000 0.115294
31.750000 0.115294
32.000000 0.115294
32.250000 0.115294
32.500000 0.115294
32.750000 0.115294
33.000000 0.115294
33.250000 0.115294
33.500000 0.115294
33.750000 0.115294
34.000000 0.115294
34.250000 0.115294
34.500000 0.115294
34.750000 0.115294
35.000000 0.115294
35.250000 0.115294
35.500000 0.115294
35.750000 0.115294
36.000000 0.115294
36.250000 0.115294
36.500000 0.115294
36.750000 0.115294
37.000000 0.115294
37.250000 0.115294
37.500000 0.115294
37.750000 0.115294
38.000000 0.115294
38.250000 0.115294
38.500000 0.115294
38.750000 0.115294
39.000000 0.115294
39.250000 0.115294
39.500000 0.115294
39.750000 0.115294
40.000000 0.115294
40.250000 0.115294
40.500000 0.115294
40.750000 0.115294
41.000000 0.115294
41.250000 0.115294
41.500000 0.115294
41.750000 0.115294
42.000000 0.115294
42.250000 0.115294
42.500000 0.115294
42.750000 0.115294
43.000000 0.115294
43.250000 0.115294
43.500000 0.115294
43.750000 0.115294
44.000000 0.115294
44.250000 0.115294
44.500000 0.115294
44.750000 0.115294
45.000000 0.115294
45.250000 0.115294
45.500000 0.115294
45.750000 0.115294
46.000000 0.115294
46.250000 0.115294
46.500000 0.115294
46.750000 0.115294
47.000000 0.115294
47.250000 0.115294
47.500000 0.115294
47.750000 0.115294
48.000000 0.115294
48.250000 0.115294
48.500000 0.115294
48.750000 0.115294
49.000000 0.115294
49.250000 0.115294
49.500000 0.115294
49.750000 0.115294
50.000000 0.115294
50.250000 0.115294
50.500000 0.115294
50.750000 0.115294
51.000000 0.115294
51.250000 0.115294
51.500000 0.115294
51.750000 0.115294
52.000000 0.115294
52.250000 0.115294
52.500000 0.115294
52.750000 0.115294
53.000000 0.115294
53.250000 0.115294
53.500000 0.115294
53.750000 0.115294
54.000000 0.115294
