0.144764 0.099500
1.878428 0.096312
3.913309 0.065228
5.868833 0.274802
7.894226 0.000000
9.899907 0.000000
11.885864 0.000000
13.884857 0.000000
15.890470 0.037934
17.898757 0.048078
19.874956 0.056997
21.875280 0.047441
23.908250 0.048964
25.897513 0.048751
27.895473 0.049113
29.898167 0.059795
31.900864 0.050486
33.877527 0.059816
35.879513 0.048988
37.916595 0.050775
39.881977 0.060000
41.901751 0.050884
43.909935 0.060854
45.924928 0.050151
47.962437 0.052427
49.911523 0.050939
51.917540 0.051870
53.905984 0.052352
55.903517 0.052448
57.897415 0.062410
59.908166 0.052109
61.915015 0.052676
63.900256 0.052627
65.887343 0.061889
67.915001 0.052328
69.913438 0.052116
71.920023 0.020905
73.920988 0.000000
75.898832 0.000000
