0.000000 0.000000
0.250000 0.000000
0.500000 0.000000
0.750000 9.950791
1.000000 9.962834
1.250000 9.974877
1.500000 9.986920
1.750000 10.745501
2.000000 10.682212
2.250000 10.007663
2.500000 10.019706
2.750000 10.778286
3.000000 10.790329
3.250000 10.802372
3.500000 10.814415
3.750000 10.826458
4.000000 10.838501
4.250000 10.850544
4.500000 10.862587
4.750000 10.874630
5.000000 10.886673
5.250000 10.898716
5.500000 10.910759
5.750000 10.922802
6.000000 10.934845
6.250000 10.946888
6.500000 10.958931
6.750000 10.970974
7.000000 10.983017
7.250000 10.248523
7.500000 10.260566
7.750000 10.272609
8.000000 11.031189
8.250000 11.042053
8.500000 11.054096
8.750000 11.066139
9.000000 11.078182
9.250000 11.090225
9.500000 11.102268
9.750000 11.114311
10.000000 11.126354
10.250000 11.138397
10.500000 11.150440
10.750000 11.162483
11.000000 11.174526
11.250000 11.186569
11.500000 10.452075
11.750000 10.464118
12.000000 10.476161
12.250000 10.488204
12.500000 10.500247
12.750000 10.512290
13.000000 11.270870
13.250000 11.282913
13.500000 10.548419
13.750000 10.560462
14.000000 11.319042
14.250000 10.584548
14.500000 10.596591
14.750000 11.355171
15.000000 11.367214
15.250000 10.632720
15.500000 10.644763
15.750000 11.403343
16.000000 10.668849
16.250000 11.427429
16.500000 11.439472
16.750000 10.705016
17.000000 11.463596
17.250000 11.475639
17.500000 11.487682
17.750000 10.753188
18.000000 11.511768
18.250000 11.523811
18.500000 10.789317
18.750000 10.801360
19.000000 10.813403
19.250000 10.825446
19.500000 11.584026
19.750000 10.849532
20.000000 10.861575
20.250000 11.620155
20.500000 10.885661
20.750000 10.897704
21.000000 11.656284
21.250000 10.921790
21.500000 11.680370
21.750000 11.692413
22.000000 10.957919
22.250000 11.716499
22.500000 10.982005
22.750000 11.740585
23.000000 11.006091
23.250000 11.018172
23.500000 11.776752
23.750000 11.042258
24.000000 11.800838
24.250000 11.066344
24.500000 11.078425
24.750000 11.837006
25.000000 11.102511
25.250000 11.861092
25.500000 11.873135
25.750000 11.138640
26.000000 11.150683
26.250000 11.909264
26.500000 11.174769
26.750000 11.186812
27.000000 11.945393
27.250000 11.957436
27.500000 11.222941
27.750000 11.234984
28.000000 11.993565
28.250000 11.259070
28.500000 12.017651
28.750000 12.029694
29.000000 11.295199
29.250000 11.809829
29.500000 12.083835
29.750000 11.349340
30.000000 12.107921
30.250000 12.119964
30.500000 11.385469
30.750000 12.144050
31.000000 12.156093
31.250000 11.421637
31.500000 12.180217
31.750000 11.445723
32.000000 12.204303
32.250000 12.216346
32.500000 11.481852
32.750000 11.493895
33.000000 12.252475
33.250000 12.264518
33.500000 12.276561
33.750000 12.288604
34.000000 12.300647
34.250000 12.312690
34.500000 12.324733
34.750000 12.336776
35.000000 12.348819
35.250000 12.360862
35.500000 12.372905
35.750000 12.384948
36.000000 11.650454
36.250000 11.662497
36.500000 11.674540
36.750000 11.686583
37.000000 11.698626
37.250000 11.710669
37.500000 11.722712
37.750000 11.734755
38.000000 11.746798
38.250000 11.758841
38.500000 11.770884
38.750000 11.782927
39.000000 11.794970
39.250000 11.807013
39.500000 11.819056
39.750000 11.831099
40.000000 11.843142
40.250000 11.855185
40.500000 11.867266
40.750000 12.025319
41.000000 12.661112
41.250000 12.673155
41.500000 12.685198
41.750000 12.697241
42.000000 12.644089
42.250000 12.717283
42.500000 12.729326
42.750000 12.740191
43.000000 12.751055
43.250000 12.763098
43.500000 12.775141
43.750000 12.787184
44.000000 12.799227
44.250000 12.811270
44.500000 12.823313
44.750000 12.835356
45.000000 12.847399
45.250000 12.859442
45.500000 12.871485
45.750000 12.883528
46.000000 12.895571
46.250000 12.907614
46.500000 12.919657
46.750000 12.931700
47.000000 12.943743
47.250000 12.955786
47.500000 12.967829
47.750000 12.979872
48.000000 12.991915
48.250000 13.003958
48.500000 12.269464
48.750000 12.281507
49.000000 12.293550
49.250000 12.305593
49.500000 12.317636
49.750000 12.329679
50.000000 12.341722
50.250000 12.353765
50.500000 12.365808
50.750000 12.377851
51.000000 12.389894
51.250000 12.401937
51.500000 12.413980
51.750000 13.011724
52.000000 13.200981
52.250000 13.211845
52.500000 12.461570
52.750000 13.220150
53.000000 13.156266
53.250000 12.483986
53.500000 12.496029
53.750000 13.254609
54.000000 13.266652
