0.000000 0.000000
0.250000 4.351460
0.500000 6.142824
0.750000 36.760506
1.000000 53.198257
1.250000 36.240964
1.500000 36.296037
1.750000 36.351110
2.000000 40.328736
2.250000 36.400158
2.500000 36.455231
2.750000 42.492992
3.000000 36.634392
3.250000 36.689465
3.500000 36.872288
3.750000 40.906500
4.000000 43.704835
4.250000 54.116091
4.500000 55.324946
4.750000 37.449476
5.000000 37.254853
5.250000 37.437676
5.500000 39.590085
5.750000 37.476694
6.000000 37.531767
6.250000 37.586840
6.500000 37.600064
6.750000 42.091339
7.000000 48.615404
7.250000 37.953886
7.500000 38.008959
7.750000 38.064032
8.000000 45.659482
8.250000 54.983657
8.500000 38.317979
8.750000 38.373052
9.000000 38.428124
9.250000 41.638299
9.500000 47.268289
9.750000 38.743481
10.000000 38.798553
10.250000 46.189594
10.500000 38.989373
10.750000 40.677341
11.000000 49.780599
11.250000 39.251378
11.500000 45.674932
11.750000 39.454868
12.000000 39.509941
12.250000 42.736128
12.500000 50.271094
12.750000 39.813014
