0.000000 0.000000
0.250000 0.057885
0.500000 0.057885
0.750000 0.057885
1.000000 0.057885
1.250000 0.057885
1.500000 0.057885
1.750000 0.057885
2.000000 0.057885
2.250000 0.057885
2.500000 0.057885
2.750000 0.057885
3.000000 0.057885
3.250000 0.057885
3.500000 0.057885
3.750000 0.057885
4.000000 0.057885
4.250000 0.057885
4.500000 0.057885
4.750000 0.057885
5.000000 0.057885
5.250000 0.057885
5.500000 0.057885
5.750000 0.057885
6.000000 0.057885
6.250000 0.057885
6.500000 0.057885
6.750000 0.057885
7.000000 0.057885
7.250000 0.057885
7.500000 0.057885
7.750000 0.057885
8.000000 0.057885
8.250000 0.057885
8.500000 0.057885
8.750000 0.057885
9.000000 0.057885
9.250000 0.057885
9.500000 0.057885
9.750000 0.057885
10.000000 0.057885
10.250000 0.057885
10.500000 0.057885
10.750000 0.057885
11.000000 0.057885
11.250000 0.057885
11.500000 0.057885
11.750000 0.057885
12.000000 0.057885
12.250000 0.057885
12.500000 0.057885
12.750000 0.057885
13.000000 0.057885
13.250000 0.057885
13.500000 0.057885
13.750000 0.057885
14.000000 0.057885
14.250000 0.057885
14.500000 0.057885
14.750000 0.057885
15.000000 0.057885
15.250000 0.057885
15.500000 0.057885
15.750000 0.057885
16.000000 0.057885
16.250000 0.057885
16.500000 0.057885
16.750000 0.057885
17.000000 0.057885
17.250000 0.057885
17.500000 0.057885
17.750000 0.057885
18.000000 0.057885
18.250000 0.057885
18.500000 0.057885
18.750000 0.057885
19.000000 0.057885
19.250000 0.057885
19.500000 0.057885
19.750000 0.057885
20.000000 0.057885
20.250000 0.057885
20.500000 0.057885
20.750000 0.057885
21.000000 0.057885
21.250000 0.057885
21.500000 0.057885
21.750000 0.057885
22.000000 0.057885
22.250000 0.057885
22.500000 0.057885
22.750000 0.057885
23.000000 0.057885
23.250000 0.057885
23.500000 0.057885
23.750000 0.057885
24.000000 0.057885
24.250000 0.057885
24.500000 0.057885
24.750000 0.057885
25.000000 0.057885
25.250000 0.057885
25.500000 0.057885
25.750000 0.057885
26.000000 0.057885
26.250000 0.057885
26.500000 0.057885
26.750000 0.057885
27.000000 0.057885
27.250000 0.057885
27.500000 0.057885
27.750000 0.057885
28.000000 0.057885
28.250000 0.057885
28.500000 0.057885
28.750000 0.057885
29.000000 0.057885
29.250000 0.057885
29.500000 0.057885
29.750000 0.057885
30.000000 0.057885
30.250000 0.057885
30.500000 0.057885
30.750000 0.057885
31.000000 0.057885
31.250000 0.057885
31.500000 0.057885
31.750000 0.057885
32.000000 0.057885
32.250000 0.057885
32.500000 0.057885
32.750000 0.057885
33.000000 0.057885
33.250000 0.057885
33.500000 0.057885
33.750000 0.057885
34.000000 0.057885
34.250000 0.057885
34.500000 0.057885
34.750000 0.057885
35.000000 0.057885
35.250000 0.057885
35.500000 0.057885
35.750000 0.057885
36.000000 0.057885
36.250000 0.057885
36.500000 0.057885
36.750000 0.057885
37.000000 0.057885
37.250000 0.057885
37.500000 0.057885
37.750000 0.057885
38.000000 0.057885
38.250000 0.057885
38.500000 0.057885
38.750000 0.057885
39.000000 0.057885
39.250000 0.057885
39.500000 0.057885
39.750000 0.057885
40.000000 0.057885
40.250000 0.057885
40.500000 0.057885
40.750000 0.057885
41.000000 0.057885
41.250000 0.057885
41.500000 0.057885
41.750000 0.057885
42.000000 0.057885
42.250000 0.057885
42.500000 0.057885
42.750000 0.057885
43.000000 0.057885
43.250000 0.057885
43.500000 0.057885
43.750000 0.057885
44.000000 0.057885
44.250000 0.057885
44.500000 0.057885
44.750000 0.057885
45.000000 0.057885
45.250000 0.057885
45.500000 0.057885
45.750000 0.057885
46.000000 0.057885
46.250000 0.057885
46.500000 0.057885
46.750000 0.057885
47.000000 0.057885
47.250000 0.057885
47.500000 0.057885
47.750000 0.057885
48.000000 0.057885
48.250000 0.057885
48.500000 0.057885
48.750000 0.057885
49.000000 0.057885
49.250000 0.057885
49.500000 0.057885
49.750000 0.057885
50.000000 0.057885
50.250000 0.057885
50.500000 0.057885
50.750000 0.057885
51.000000 0.057885
51.250000 0.057885
51.500000 0.057885
51.750000 0.057885
52.000000 0.057885
52.250000 0.057885
52.500000 0.057885
52.750000 0.057885
53.000000 0.057885
53.250000 0.057885
53.500000 0.057885
53.750000 0.057885
54.000000 0.057885
