0.059525 0.000000
1.865158 0.522883
3.893778 0.162522
5.875131 0.128997
7.881362 0.128997
9.893087 0.128997
11.877770 0.128997
13.888025 0.128997
15.884234 0.128997
17.878136 0.128997
19.881215 0.128997
21.885259 0.128997
23.882065 0.128997
25.883577 0.128997
27.884241 0.128997
29.883756 0.128997
31.889222 0.128997
33.885574 0.128997
35.890529 0.128997
37.892546 0.128997
39.891216 0.128997
41.892454 0.128997
43.897387 0.128997
45.892967 0.128997
47.900156 0.128997
49.897873 0.128997
51.897136 0.128997
53.890890 0.128997
55.890045 0.128997
57.906326 0.128997
59.893584 0.128997
61.891208 0.128997
63.921080 0.128997
65.893295 0.128997
67.900753 0.128997
69.894571 0.128997
71.903631 0.128997
73.899712 0.128997
75.896781 0.128997
78.076964 0.128997
80.085855 0.128997
