0.113498 0.000000
1.832323 0.272967
3.840311 0.665462
5.849916 0.111554
7.836750 0.111554
9.846536 0.111554
11.843789 0.111554
13.843299 0.111554
15.843652 0.111554
17.849181 0.111554
19.850171 0.111554
21.845567 0.111554
23.852327 0.111554
25.845436 0.111554
27.847953 0.111554
29.851701 0.111554
31.848652 0.111554
33.850386 0.111554
35.864766 0.111554
37.853477 0.111554
39.877604 0.111554
41.879993 0.111554
43.884982 0.111554
45.884346 0.111554
47.886873 0.111554
49.885700 0.111554
51.883622 0.111554
53.887073 0.111554
55.881065 0.111554
57.886521 0.111554
59.894047 0.111554
61.887277 0.111554
63.888149 0.111554
65.893075 0.111554
67.889879 0.111554
69.894437 0.111554
71.893377 0.111554
74.127487 0.111554
76.272980 0.111554
78.301322 0.111554
80.169507 0.111554
82.209336 0.111554
84.505716 0.111554
86.191316 0.111554
88.238143 0.111554
