0.000126 0.000000
1.839859 0.000000
3.850270 26.006584
5.847075 26.191401
7.840683 17.090533
9.843259 7.789872
11.839072 31.261842
13.842630 26.623772
15.847389 39.451756
17.847072 41.109234
19.848016 36.850090
21.844920 47.941867
23.847108 45.686191
25.848195 67.157844
27.847309 57.528548
29.850087 61.939317
31.856677 77.481668
33.852861 78.150300
35.859811 79.219245
37.849815 86.670387
39.876519 86.608472
41.880330 91.668705
43.870994 104.573340
45.880531 106.338002
47.887160 115.743270
49.875716 124.111825
51.880213 118.292172
53.883078 132.063453
55.885560 136.442953
57.879890 138.077111
59.887835 155.274771
61.883470 153.500230
63.887619 153.946798
65.896353 172.696208
67.882946 169.681865
69.897628 175.014846
71.894484 187.270864
74.128900 178.176452
