0.000000 0.000000
0.250000 0.056521
0.500000 0.056521
0.750000 0.056521
1.000000 0.056521
1.250000 0.056521
1.500000 0.056521
1.750000 0.056521
2.000000 0.056521
2.250000 0.056521
2.500000 0.056521
2.750000 0.056521
3.000000 0.056521
3.250000 0.056521
3.500000 0.056521
3.750000 0.056521
4.000000 0.056521
4.250000 0.056521
4.500000 0.056521
4.750000 0.056521
5.000000 0.056521
5.250000 0.056521
5.500000 0.056521
5.750000 0.056521
6.000000 0.056521
6.250000 0.056521
6.500000 0.056521
6.750000 0.056521
7.000000 0.056521
7.250000 0.056521
7.500000 0.056521
7.750000 0.056521
8.000000 0.056521
8.250000 0.056521
8.500000 0.056521
8.750000 0.056521
9.000000 0.056521
9.250000 0.056521
9.500000 0.056521
9.750000 0.056521
10.000000 0.056521
10.250000 0.056521
10.500000 0.056521
10.750000 0.056521
11.000000 0.056521
11.250000 0.056521
11.500000 0.056521
11.750000 0.056521
12.000000 0.056521
12.250000 0.056521
12.500000 0.056521
12.750000 0.056521
13.000000 0.056521
13.250000 0.056521
13.500000 0.056521
13.750000 0.056521
14.000000 0.056521
14.250000 0.056521
14.500000 0.056521
14.750000 0.056521
15.000000 0.056521
15.250000 0.056521
15.500000 0.056521
15.750000 0.056521
16.000000 0.056521
16.250000 0.056521
16.500000 0.056521
16.750000 0.056521
17.000000 0.056521
17.250000 0.056521
17.500000 0.056521
17.750000 0.056521
18.000000 0.056521
18.250000 0.056521
18.500000 0.056521
18.750000 0.056521
19.000000 0.056521
19.250000 0.056521
19.500000 0.056521
19.750000 0.056521
20.000000 0.056521
20.250000 0.056521
20.500000 0.056521
20.750000 0.056521
21.000000 0.056521
21.250000 0.056521
21.500000 0.056521
21.750000 0.056521
22.000000 0.056521
22.250000 0.056521
22.500000 0.056521
22.750000 0.056521
23.000000 0.056521
23.250000 0.056521
23.500000 0.056521
23.750000 0.056521
24.000000 0.056521
24.250000 0.056521
24.500000 0.056521
24.750000 0.056521
25.000000 0.056521
25.250000 0.056521
25.500000 0.056521
25.750000 0.056521
26.000000 0.056521
26.250000 0.056521
26.500000 0.056521
26.750000 0.056521
27.000000 0.056521
27.250000 0.056521
27.500000 0.056521
27.750000 0.056521
28.000000 0.056521
28.250000 0.056521
28.500000 0.056521
28.750000 0.056521
29.000000 0.056521
29.250000 0.056521
29.500000 0.056521
29.750000 0.056521
30.000000 0.056521
30.250000 0.056521
30.500000 0.056521
30.750000 0.056521
31.000000 0.056521
31.250000 0.056521
31.500000 0.056521
31.750000 0.056521
32.000000 0.056521
32.250000 0.056521
32.500000 0.056521
32.750000 0.056521
33.000000 0.056521
33.250000 0.056521
33.500000 0.056521
33.750000 0.056521
34.000000 0.056521
34.250000 0.056521
34.500000 0.056521
34.750000 0.056521
35.000000 0.056521
35.250000 0.056521
35.500000 0.056521
35.750000 0.056521
36.000000 0.056521
36.250000 0.056521
36.500000 0.056521
36.750000 0.056521
37.000000 0.056521
37.250000 0.056521
37.500000 0.056521
37.750000 0.056521
38.000000 0.056521
38.250000 0.056521
38.500000 0.056521
38.750000 0.056521
39.000000 0.056521
39.250000 0.056521
39.500000 0.056521
39.750000 0.056521
40.000000 0.056521
40.250000 0.056521
40.500000 0.056521
40.750000 0.056521
41.000000 0.056521
41.250000 0.056521
41.500000 0.056521
41.750000 0.056521
42.000000 0.056521
42.250000 0.056521
42.500000 0.056521
42.750000 0.056521
43.000000 0.056521
43.250000 0.056521
43.500000 0.056521
43.750000 0.056521
44.000000 0.056521
44.250000 0.056521
44.500000 0.056521
44.750000 0.056521
45.000000 0.056521
45.250000 0.056521
45.500000 0.056521
45.750000 0.056521
46.000000 0.056521
46.250000 0.056521
46.500000 0.056521
46.750000 0.056521
47.000000 0.056521
47.250000 0.056521
47.500000 0.056521
47.750000 0.056521
48.000000 0.056521
48.250000 0.056521
48.500000 0.056521
48.750000 0.056521
49.000000 0.056521
49.250000 0.056521
49.500000 0.056521
49.750000 0.056521
50.000000 0.056521
50.250000 0.056521
50.500000 0.056521
50.750000 0.056521
51.000000 0.056521
51.250000 0.056521
51.500000 0.056521
51.750000 0.056521
52.000000 0.056521
52.250000 0.056521
52.500000 0.056521
52.750000 0.056521
53.000000 0.056521
53.250000 0.056521
53.500000 0.056521
53.750000 0.056521
54.000000 0.056521
