0.000000 0.000000
0.250000 0.132505
0.500000 0.132505
0.750000 0.132505
1.000000 0.132505
1.250000 0.132505
1.500000 0.132505
1.750000 0.132505
2.000000 0.132505
2.250000 0.132505
2.500000 0.132505
2.750000 0.132505
3.000000 0.132505
3.250000 0.132505
3.500000 0.132505
3.750000 0.132505
4.000000 0.132505
4.250000 0.132505
4.500000 0.132505
4.750000 0.132505
5.000000 0.132505
5.250000 0.132505
5.500000 0.132505
5.750000 0.132505
6.000000 0.132505
6.250000 0.132505
6.500000 0.132505
6.750000 0.132505
7.000000 0.132505
7.250000 0.132505
7.500000 0.132505
7.750000 0.132505
8.000000 0.132505
8.250000 0.132505
8.500000 0.132505
8.750000 0.132505
9.000000 0.132505
9.250000 0.132505
9.500000 0.132505
9.750000 0.132505
10.000000 0.132505
10.250000 0.132505
10.500000 0.132505
10.750000 0.132505
11.000000 0.132505
11.250000 0.132505
11.500000 0.132505
11.750000 0.132505
12.000000 0.132505
12.250000 0.132505
12.500000 0.132505
12.750000 0.132505
13.000000 0.132505
13.250000 0.132505
13.500000 0.132505
13.750000 0.132505
14.000000 0.132505
14.250000 0.132505
14.500000 0.132505
14.750000 0.132505
15.000000 0.132505
15.250000 0.132505
15.500000 0.132505
15.750000 0.132505
16.000000 0.132505
16.250000 0.132505
16.500000 0.132505
16.750000 0.132505
17.000000 0.132505
17.250000 0.132505
17.500000 0.132505
17.750000 0.132505
18.000000 0.132505
18.250000 0.132505
18.500000 0.132505
18.750000 0.132505
19.000000 0.132505
19.250000 0.132505
19.500000 0.132505
19.750000 0.132505
20.000000 0.132505
20.250000 0.132505
20.500000 0.132505
20.750000 0.132505
21.000000 0.132505
21.250000 0.132505
21.500000 0.132505
21.750000 0.132505
22.000000 0.132505
22.250000 0.132505
22.500000 0.132505
22.750000 0.132505
23.000000 0.132505
23.250000 0.132505
23.500000 0.132505
23.750000 0.132505
24.000000 0.132505
24.250000 0.132505
24.500000 0.132505
24.750000 0.132505
25.000000 0.132505
25.250000 0.132505
25.500000 0.132505
25.750000 0.132505
26.000000 0.132505
26.250000 0.132505
26.500000 0.132505
26.750000 0.132505
27.000000 0.132505
27.250000 0.132505
27.500000 0.132505
27.750000 0.132505
28.000000 0.132505
28.250000 0.132505
28.500000 0.132505
28.750000 0.132505
29.000000 0.132505
29.250000 0.132505
29.500000 0.132505
29.750000 0.132505
30.000000 0.132505
30.250000 0.132505
30.500000 0.132505
30.750000 0.132505
31.000000 0.132505
31.250000 0.132505
31.500000 0.132505
31.750000 0.132505
32.000000 0.132505
32.250000 0.132505
32.500000 0.132505
32.750000 0.132505
33.000000 0.132505
33.250000 0.132505
33.500000 0.132505
33.750000 0.132505
34.000000 0.132505
34.250000 0.132505
34.500000 0.132505
34.750000 0.132505
35.000000 0.132505
35.250000 0.132505
35.500000 0.132505
35.750000 0.132505
36.000000 0.132505
36.250000 0.132505
36.500000 0.132505
36.750000 0.132505
37.000000 0.132505
37.250000 0.132505
37.500000 0.132505
37.750000 0.132505
38.000000 0.132505
38.250000 0.132505
38.500000 0.132505
38.750000 0.132505
39.000000 0.132505
39.250000 0.132505
39.500000 0.132505
39.750000 0.132505
40.000000 0.132505
40.250000 0.132505
40.500000 0.132505
40.750000 0.132505
41.000000 0.132505
41.250000 0.132505
41.500000 0.132505
41.750000 0.132505
42.000000 0.132505
42.250000 0.132505
42.500000 0.132505
42.750000 0.132505
43.000000 0.132505
43.250000 0.132505
43.500000 0.132505
43.750000 0.132505
44.000000 0.132505
44.250000 0.132505
44.500000 0.132505
44.750000 0.132505
45.000000 0.132505
45.250000 0.132505
45.500000 0.132505
45.750000 0.132505
46.000000 0.132505
46.250000 0.132505
46.500000 0.132505
46.750000 0.132505
47.000000 0.132505
47.250000 0.132505
47.500000 0.132505
47.750000 0.132505
48.000000 0.132505
48.250000 0.132505
48.500000 0.132505
48.750000 0.132505
49.000000 0.132505
49.250000 0.132505
49.500000 0.132505
49.750000 0.132505
50.000000 0.132505
50.250000 0.132505
50.500000 0.132505
50.750000 0.132505
51.000000 0.132505
51.250000 0.132505
51.500000 0.132505
51.750000 0.132505
52.000000 0.132505
52.250000 0.132505
52.500000 0.132505
52.750000 0.132505
53.000000 0.132505
53.250000 0.132505
53.500000 0.132505
53.750000 0.132505
54.000000 0.132505
54.250000 0.132505
54.500000 0.132505
54.750000 0.132505
55.000000 0.132505
55.250000 0.132505
55.500000 0.132505
55.750000 0.132505
56.000000 0.132505
56.250000 0.132505
56.500000 0.132505
56.750000 0.132505
57.000000 0.132505
57.250000 0.132505
57.500000 0.132505
