0.000000 0.000000
0.250000 0.102309
0.500000 0.102309
0.750000 0.102309
1.000000 0.102309
1.250000 0.102309
1.500000 0.102309
1.750000 0.102309
2.000000 0.102309
2.250000 0.102309
2.500000 0.102309
2.750000 0.102309
3.000000 0.102309
3.250000 0.102309
3.500000 0.102309
3.750000 0.102309
4.000000 0.102309
4.250000 0.102309
4.500000 0.102309
4.750000 0.102309
5.000000 0.102309
5.250000 0.102309
5.500000 0.102309
5.750000 0.102309
6.000000 0.102309
6.250000 0.102309
6.500000 0.102309
6.750000 0.102309
7.000000 0.102309
7.250000 0.102309
7.500000 0.102309
7.750000 0.102309
8.000000 0.102309
8.250000 0.102309
8.500000 0.102309
8.750000 0.102309
9.000000 0.102309
9.250000 0.102309
9.500000 0.102309
9.750000 0.102309
10.000000 0.102309
10.250000 0.102309
10.500000 0.102309
10.750000 0.102309
11.000000 0.102309
11.250000 0.102309
11.500000 0.102309
11.750000 0.102309
12.000000 0.102309
12.250000 0.102309
12.500000 0.102309
12.750000 0.102309
