0.000000 0.000000
0.250000 0.638048
0.500000 0.672169
0.750000 0.835315
1.000000 1.008417
1.250000 1.181262
1.500000 1.354363
1.750000 1.527208
2.000000 1.699541
2.250000 1.873154
2.500000 2.045871
2.750000 2.219228
3.000000 2.392969
3.250000 2.565046
3.500000 2.737891
3.750000 2.910224
4.000000 3.083965
4.250000 3.257066
4.500000 3.430167
4.750000 3.602884
5.000000 3.775857
5.250000 3.948958
5.500000 4.121803
5.750000 4.294008
6.000000 4.466981
6.250000 4.640722
6.500000 4.813695
6.750000 4.986668
7.000000 5.159641
7.250000 5.332614
7.500000 5.505587
7.750000 5.678560
8.000000 5.851405
8.250000 6.024506
8.500000 6.197479
8.750000 6.370708
9.000000 6.543425
9.250000 6.716398
9.500000 6.888731
9.750000 7.062472
10.000000 7.235317
10.250000 7.408290
10.500000 7.581263
10.750000 7.754364
11.000000 7.927209
11.250000 8.100566
11.500000 8.273027
11.750000 8.446128
12.000000 8.619101
12.250000 8.791946
12.500000 8.965303
12.750000 9.138916
13.000000 9.310353
13.250000 9.484094
13.500000 9.656939
13.750000 9.829912
14.000000 10.002885
14.250000 10.175986
14.500000 10.348959
14.750000 10.521932
15.000000 10.695033
15.250000 10.867750
15.500000 11.040595
15.750000 11.213824
16.000000 11.387053
16.250000 11.559642
16.500000 11.732743
16.750000 11.905588
17.000000 12.078689
17.250000 12.252046
17.500000 12.424763
17.750000 12.596712
18.000000 12.770453
18.250000 12.943810
18.500000 13.116527
18.750000 13.288604
19.000000 13.462473
19.250000 13.635062
19.500000 13.808419
19.750000 13.981264
20.000000 14.154621
20.250000 14.327082
20.500000 14.499415
20.750000 14.672260
21.000000 14.846129
21.250000 15.019102
21.500000 15.191947
21.750000 15.365048
22.000000 15.537253
22.250000 15.711122
22.500000 15.883967
22.750000 16.056556
23.000000 16.230041
23.250000 16.402886
23.500000 16.575987
23.750000 16.748192
24.000000 16.921549
24.250000 17.094522
24.500000 17.267751
24.750000 17.440724
25.000000 17.613569
25.250000 17.785646
25.500000 17.959643
25.750000 18.132616
26.000000 18.304693
26.250000 18.478690
26.500000 18.651791
26.750000 18.824636
27.000000 18.997481
27.250000 19.170326
27.500000 19.342531
27.750000 19.516272
28.000000 19.689809
28.250000 19.862910
28.500000 20.035115
28.750000 20.207832
29.000000 20.381701
29.250000 20.554674
29.500000 20.727775
29.750000 20.900620
30.000000 21.073465
30.250000 21.246694
30.500000 21.419795
30.750000 21.592768
31.000000 21.764589
31.250000 21.938714
31.500000 22.111559
31.750000 22.283764
