0.000000 0.000000
0.250000 0.091939
0.500000 0.091939
0.750000 0.091939
1.000000 0.091939
1.250000 0.091939
1.500000 0.091939
1.750000 0.091939
2.000000 0.091939
2.250000 0.091939
2.500000 0.091939
2.750000 0.091939
3.000000 0.091939
3.250000 0.091939
3.500000 0.091939
3.750000 0.091939
4.000000 0.091939
4.250000 0.091939
4.500000 0.091939
4.750000 0.091939
5.000000 0.091939
5.250000 0.091939
5.500000 0.091939
5.750000 0.091939
6.000000 0.091939
6.250000 0.091939
6.500000 0.091939
6.750000 0.091939
7.000000 0.091939
7.250000 0.091939
7.500000 0.091939
7.750000 0.091939
8.000000 0.091939
8.250000 0.091939
8.500000 0.091939
8.750000 0.091939
9.000000 0.091939
9.250000 0.091939
9.500000 0.091939
9.750000 0.091939
10.000000 0.091939
10.250000 0.091939
10.500000 0.091939
10.750000 0.091939
11.000000 0.091939
11.250000 0.091939
11.500000 0.091939
11.750000 0.091939
12.000000 0.091939
12.250000 0.091939
12.500000 0.091939
12.750000 0.091939
13.000000 0.091939
13.250000 0.091939
13.500000 0.091939
13.750000 0.091939
14.000000 0.091939
14.250000 0.091939
14.500000 0.091939
14.750000 0.091939
15.000000 0.091939
15.250000 0.091939
15.500000 0.091939
15.750000 0.091939
16.000000 0.091939
16.250000 0.091939
16.500000 0.091939
16.750000 0.091939
17.000000 0.091939
17.250000 0.091939
17.500000 0.091939
17.750000 0.091939
18.000000 0.091939
18.250000 0.091939
18.500000 0.091939
18.750000 0.091939
19.000000 0.091939
19.250000 0.091939
19.500000 0.091939
19.750000 0.091939
20.000000 0.091939
20.250000 0.091939
20.500000 0.091939
20.750000 0.091939
21.000000 0.091939
21.250000 0.091939
21.500000 0.091939
21.750000 0.091939
22.000000 0.091939
22.250000 0.091939
22.500000 0.091939
22.750000 0.091939
23.000000 0.091939
23.250000 0.091939
23.500000 0.091939
23.750000 0.091939
24.000000 0.091939
24.250000 0.091939
24.500000 0.091939
24.750000 0.091939
25.000000 0.091939
25.250000 0.091939
25.500000 0.091939
25.750000 0.091939
26.000000 0.091939
26.250000 0.091939
26.500000 0.091939
26.750000 0.091939
27.000000 0.091939
27.250000 0.091939
27.500000 0.091939
27.750000 0.091939
28.000000 0.091939
28.250000 0.091939
28.500000 0.091939
28.750000 0.091939
29.000000 0.091939
29.250000 0.091939
29.500000 0.091939
29.750000 0.091939
30.000000 0.091939
30.250000 0.091939
30.500000 0.091939
30.750000 0.091939
31.000000 0.091939
31.250000 0.091939
31.500000 0.091939
31.750000 0.091939
