0.000000 0.000000
0.250000 0.282154
0.500000 0.282154
0.750000 0.282154
1.000000 0.282154
1.250000 0.282154
1.500000 0.282154
1.750000 0.282154
2.000000 0.282154
2.250000 0.282154
2.500000 0.282154
2.750000 0.282154
3.000000 0.282154
3.250000 0.282154
3.500000 0.282154
3.750000 0.282154
4.000000 0.282154
4.250000 0.282154
4.500000 0.282154
4.750000 0.282154
5.000000 0.282154
5.250000 0.282154
5.500000 0.282154
5.750000 0.282154
6.000000 0.282154
6.250000 0.282154
6.500000 0.282154
6.750000 0.282154
7.000000 0.282154
7.250000 0.282154
7.500000 0.282154
7.750000 0.282154
8.000000 0.282154
8.250000 0.282154
8.500000 0.282154
8.750000 0.282154
9.000000 0.282154
9.250000 0.282154
9.500000 0.282154
9.750000 0.282154
10.000000 0.282154
10.250000 0.282154
10.500000 0.282154
10.750000 0.282154
11.000000 0.282154
11.250000 0.282154
11.500000 0.282154
11.750000 0.282154
12.000000 0.282154
12.250000 0.282154
12.500000 0.282154
12.750000 0.282154
13.000000 0.282154
13.250000 0.282154
13.500000 0.282154
13.750000 0.282154
14.000000 0.282154
14.250000 0.282154
14.500000 0.282154
14.750000 0.282154
15.000000 0.282154
15.250000 0.282154
15.500000 0.282154
15.750000 0.282154
16.000000 0.282154
16.250000 0.282154
16.500000 0.282154
16.750000 0.282154
17.000000 0.282154
17.250000 0.282154
17.500000 0.282154
17.750000 0.282154
18.000000 0.282154
18.250000 0.282154
18.500000 0.282154
18.750000 0.282154
19.000000 0.282154
19.250000 0.282154
19.500000 0.282154
19.750000 0.282154
20.000000 0.282154
20.250000 0.282154
20.500000 0.282154
20.750000 0.282154
21.000000 0.282154
21.250000 0.282154
21.500000 0.282154
21.750000 0.282154
22.000000 0.282154
22.250000 0.282154
22.500000 0.282154
22.750000 0.282154
23.000000 0.282154
23.250000 0.282154
23.500000 0.282154
23.750000 0.282154
24.000000 0.282154
24.250000 0.282154
24.500000 0.282154
24.750000 0.282154
25.000000 0.282154
25.250000 0.282154
25.500000 0.282154
25.750000 0.282154
26.000000 0.282154
26.250000 0.282154
26.500000 0.282154
26.750000 0.282154
27.000000 0.282154
27.250000 0.282154
27.500000 0.282154
27.750000 0.282154
28.000000 0.282154
28.250000 0.282154
28.500000 0.282154
28.750000 0.282154
29.000000 0.282154
29.250000 0.282154
29.500000 0.282154
29.750000 0.282154
30.000000 0.282154
30.250000 0.282154
30.500000 0.282154
30.750000 0.282154
31.000000 0.282154
31.250000 0.282154
31.500000 0.282154
31.750000 0.282154
