0.000000 0.000000
0.250000 0.103052
0.500000 0.103052
0.750000 0.103052
1.000000 0.103052
1.250000 0.103052
1.500000 0.103052
1.750000 0.103052
2.000000 0.103052
2.250000 0.103052
2.500000 0.103052
2.750000 0.103052
3.000000 0.103052
3.250000 0.103052
3.500000 0.103052
3.750000 0.103052
4.000000 0.103052
4.250000 0.103052
4.500000 0.103052
4.750000 0.103052
5.000000 0.103052
5.250000 0.103052
5.500000 0.103052
5.750000 0.103052
6.000000 0.103052
6.250000 0.103052
6.500000 0.103052
6.750000 0.103052
7.000000 0.103052
7.250000 0.103052
7.500000 0.103052
7.750000 0.103052
8.000000 0.103052
8.250000 0.103052
8.500000 0.103052
8.750000 0.103052
9.000000 0.103052
9.250000 0.103052
9.500000 0.103052
9.750000 0.103052
10.000000 0.103052
10.250000 0.103052
10.500000 0.103052
10.750000 0.103052
11.000000 0.103052
11.250000 0.103052
11.500000 0.103052
11.750000 0.103052
12.000000 0.103052
12.250000 0.103052
12.500000 0.103052
12.750000 0.103052
13.000000 0.103052
13.250000 0.103052
13.500000 0.103052
13.750000 0.103052
14.000000 0.103052
14.250000 0.103052
14.500000 0.103052
14.750000 0.103052
15.000000 0.103052
15.250000 0.103052
15.500000 0.103052
15.750000 0.103052
16.000000 0.103052
16.250000 0.103052
16.500000 0.103052
16.750000 0.103052
17.000000 0.103052
17.250000 0.103052
17.500000 0.103052
17.750000 0.103052
18.000000 0.103052
18.250000 0.103052
18.500000 0.103052
18.750000 0.103052
19.000000 0.103052
19.250000 0.103052
19.500000 0.103052
19.750000 0.103052
20.000000 0.103052
20.250000 0.103052
20.500000 0.103052
20.750000 0.103052
21.000000 0.103052
21.250000 0.103052
21.500000 0.103052
21.750000 0.103052
22.000000 0.103052
22.250000 0.103052
22.500000 0.103052
22.750000 0.103052
23.000000 0.103052
23.250000 0.103052
23.500000 0.103052
23.750000 0.103052
24.000000 0.103052
24.250000 0.103052
24.500000 0.103052
24.750000 0.103052
25.000000 0.103052
25.250000 0.103052
25.500000 0.103052
25.750000 0.103052
26.000000 0.103052
26.250000 0.103052
26.500000 0.103052
26.750000 0.103052
27.000000 0.103052
27.250000 0.103052
27.500000 0.103052
27.750000 0.103052
28.000000 0.103052
28.250000 0.103052
28.500000 0.103052
28.750000 0.103052
29.000000 0.103052
29.250000 0.103052
29.500000 0.103052
29.750000 0.103052
30.000000 0.103052
30.250000 0.103052
30.500000 0.103052
30.750000 0.103052
31.000000 0.103052
31.250000 0.103052
31.500000 0.103052
31.750000 0.103052
