0.000000 0.000000
0.250000 0.140568
0.500000 0.140568
0.750000 0.140568
1.000000 0.140568
1.250000 0.140568
1.500000 0.140568
1.750000 0.140568
2.000000 0.140568
2.250000 0.140568
2.500000 0.140568
2.750000 0.140568
3.000000 0.140568
3.250000 0.140568
3.500000 0.140568
3.750000 0.140568
4.000000 0.140568
4.250000 0.140568
4.500000 0.140568
4.750000 0.140568
5.000000 0.140568
5.250000 0.140568
5.500000 0.140568
5.750000 0.140568
6.000000 0.140568
6.250000 0.140568
6.500000 0.140568
6.750000 0.140568
7.000000 0.140568
7.250000 0.140568
7.500000 0.140568
7.750000 0.140568
8.000000 0.140568
8.250000 0.140568
8.500000 0.140568
8.750000 0.140568
9.000000 0.140568
9.250000 0.140568
9.500000 0.140568
9.750000 0.140568
10.000000 0.140568
10.250000 0.140568
10.500000 0.140568
10.750000 0.140568
11.000000 0.140568
11.250000 0.140568
11.500000 0.140568
11.750000 0.140568
12.000000 0.140568
12.250000 0.140568
12.500000 0.140568
12.750000 0.140568
13.000000 0.140568
13.250000 0.140568
13.500000 0.140568
13.750000 0.140568
14.000000 0.140568
14.250000 0.140568
14.500000 0.140568
14.750000 0.140568
15.000000 0.140568
15.250000 0.140568
15.500000 0.140568
15.750000 0.140568
16.000000 0.140568
16.250000 0.140568
16.500000 0.140568
16.750000 0.140568
17.000000 0.140568
17.250000 0.140568
17.500000 0.140568
17.750000 0.140568
18.000000 0.140568
18.250000 0.140568
18.500000 0.140568
18.750000 0.140568
19.000000 0.140568
19.250000 0.140568
19.500000 0.140568
19.750000 0.140568
20.000000 0.140568
20.250000 0.140568
20.500000 0.140568
20.750000 0.140568
21.000000 0.140568
21.250000 0.140568
21.500000 0.140568
21.750000 0.140568
22.000000 0.140568
22.250000 0.140568
22.500000 0.140568
22.750000 0.140568
23.000000 0.140568
23.250000 0.140568
23.500000 0.140568
23.750000 0.140568
24.000000 0.140568
24.250000 0.140568
24.500000 0.140568
24.750000 0.140568
25.000000 0.140568
25.250000 0.140568
25.500000 0.140568
25.750000 0.140568
26.000000 0.140568
26.250000 0.140568
26.500000 0.140568
26.750000 0.140568
27.000000 0.140568
27.250000 0.140568
27.500000 0.140568
27.750000 0.140568
28.000000 0.140568
28.250000 0.140568
28.500000 0.140568
28.750000 0.140568
29.000000 0.140568
29.250000 0.140568
29.500000 0.140568
29.750000 0.140568
30.000000 0.140568
30.250000 0.140568
30.500000 0.140568
30.750000 0.140568
31.000000 0.140568
31.250000 0.140568
31.500000 0.140568
31.750000 0.140568
32.000000 0.140568
32.250000 0.140568
32.500000 0.140568
32.750000 0.140568
33.000000 0.140568
33.250000 0.140568
33.500000 0.140568
33.750000 0.140568
34.000000 0.140568
34.250000 0.140568
34.500000 0.140568
34.750000 0.140568
35.000000 0.140568
35.250000 0.140568
35.500000 0.140568
35.750000 0.140568
36.000000 0.140568
36.250000 0.140568
36.500000 0.140568
36.750000 0.140568
37.000000 0.140568
37.250000 0.140568
37.500000 0.140568
37.750000 0.140568
38.000000 0.140568
38.250000 0.140568
38.500000 0.140568
38.750000 0.140568
39.000000 0.140568
39.250000 0.140568
39.500000 0.140568
39.750000 0.140568
40.000000 0.140568
40.250000 0.140568
40.500000 0.140568
40.750000 0.140568
41.000000 0.140568
41.250000 0.140568
41.500000 0.140568
41.750000 0.140568
42.000000 0.140568
42.250000 0.140568
42.500000 0.140568
42.750000 0.140568
43.000000 0.140568
43.250000 0.140568
43.500000 0.140568
43.750000 0.140568
44.000000 0.140568
44.250000 0.140568
44.500000 0.140568
44.750000 0.140568
45.000000 0.140568
45.250000 0.140568
45.500000 0.140568
45.750000 0.140568
46.000000 0.140568
46.250000 0.140568
46.500000 0.140568
46.750000 0.140568
47.000000 0.140568
47.250000 0.140568
47.500000 0.140568
47.750000 0.140568
48.000000 0.140568
48.250000 0.140568
48.500000 0.140568
48.750000 0.140568
49.000000 0.140568
49.250000 0.140568
49.500000 0.140568
49.750000 0.140568
50.000000 0.140568
50.250000 0.140568
50.500000 0.140568
50.750000 0.140568
51.000000 0.140568
51.250000 0.140568
51.500000 0.140568
51.750000 0.140568
52.000000 0.140568
52.250000 0.140568
52.500000 0.140568
52.750000 0.140568
53.000000 0.140568
53.250000 0.140568
53.500000 0.140568
53.750000 0.140568
54.000000 0.140568
