0.000000 0.000000
0.250000 0.105239
0.500000 0.105239
0.750000 0.105239
1.000000 0.105239
1.250000 0.105239
1.500000 0.105239
1.750000 0.105239
2.000000 0.105239
2.250000 0.105239
2.500000 0.105239
2.750000 0.105239
3.000000 0.105239
3.250000 0.105239
3.500000 0.105239
3.750000 0.105239
4.000000 0.105239
4.250000 0.105239
4.500000 0.105239
4.750000 0.105239
5.000000 0.105239
5.250000 0.105239
5.500000 0.105239
5.750000 0.105239
6.000000 0.105239
6.250000 0.105239
6.500000 0.105239
6.750000 0.105239
7.000000 0.105239
7.250000 0.105239
7.500000 0.105239
7.750000 0.105239
8.000000 0.105239
8.250000 0.105239
8.500000 0.105239
8.750000 0.105239
9.000000 0.105239
9.250000 0.105239
9.500000 0.105239
9.750000 0.105239
10.000000 0.105239
10.250000 0.105239
10.500000 0.105239
10.750000 0.105239
11.000000 0.105239
11.250000 0.105239
11.500000 0.105239
11.750000 0.105239
12.000000 0.105239
12.250000 0.105239
12.500000 0.105239
12.750000 0.105239
13.000000 0.105239
13.250000 0.105239
13.500000 0.105239
13.750000 0.105239
14.000000 0.105239
14.250000 0.105239
14.500000 0.105239
14.750000 0.105239
15.000000 0.105239
15.250000 0.105239
15.500000 0.105239
15.750000 0.105239
16.000000 0.105239
16.250000 0.105239
16.500000 0.105239
16.750000 0.105239
17.000000 0.105239
17.250000 0.105239
17.500000 0.105239
17.750000 0.105239
18.000000 0.105239
18.250000 0.105239
18.500000 0.105239
18.750000 0.105239
19.000000 0.105239
19.250000 0.105239
19.500000 0.105239
19.750000 0.105239
20.000000 0.105239
20.250000 0.105239
20.500000 0.105239
20.750000 0.105239
21.000000 0.105239
21.250000 0.105239
21.500000 0.105239
21.750000 0.105239
22.000000 0.105239
22.250000 0.105239
22.500000 0.105239
22.750000 0.105239
23.000000 0.105239
23.250000 0.105239
23.500000 0.105239
23.750000 0.105239
24.000000 0.105239
24.250000 0.105239
24.500000 0.105239
24.750000 0.105239
25.000000 0.105239
25.250000 0.105239
25.500000 0.105239
25.750000 0.105239
26.000000 0.105239
26.250000 0.105239
26.500000 0.105239
26.750000 0.105239
27.000000 0.105239
27.250000 0.105239
27.500000 0.105239
27.750000 0.105239
28.000000 0.105239
28.250000 0.105239
28.500000 0.105239
28.750000 0.105239
29.000000 0.105239
29.250000 0.105239
29.500000 0.105239
29.750000 0.105239
30.000000 0.105239
30.250000 0.105239
30.500000 0.105239
30.750000 0.105239
31.000000 0.105239
31.250000 0.105239
31.500000 0.105239
31.750000 0.105239
32.000000 0.105239
32.250000 0.105239
32.500000 0.105239
32.750000 0.105239
33.000000 0.105239
33.250000 0.105239
33.500000 0.105239
33.750000 0.105239
34.000000 0.105239
34.250000 0.105239
34.500000 0.105239
34.750000 0.105239
35.000000 0.105239
35.250000 0.105239
35.500000 0.105239
35.750000 0.105239
36.000000 0.105239
36.250000 0.105239
36.500000 0.105239
36.750000 0.105239
37.000000 0.105239
37.250000 0.105239
37.500000 0.105239
37.750000 0.105239
38.000000 0.105239
38.250000 0.105239
38.500000 0.105239
38.750000 0.105239
39.000000 0.105239
39.250000 0.105239
39.500000 0.105239
39.750000 0.105239
40.000000 0.105239
40.250000 0.105239
40.500000 0.105239
40.750000 0.105239
41.000000 0.105239
41.250000 0.105239
41.500000 0.105239
41.750000 0.105239
42.000000 0.105239
42.250000 0.105239
42.500000 0.105239
42.750000 0.105239
43.000000 0.105239
43.250000 0.105239
43.500000 0.105239
43.750000 0.105239
44.000000 0.105239
44.250000 0.105239
44.500000 0.105239
44.750000 0.105239
45.000000 0.105239
45.250000 0.105239
45.500000 0.105239
45.750000 0.105239
46.000000 0.105239
46.250000 0.105239
46.500000 0.105239
46.750000 0.105239
47.000000 0.105239
47.250000 0.105239
47.500000 0.105239
47.750000 0.105239
48.000000 0.105239
48.250000 0.105239
48.500000 0.105239
48.750000 0.105239
49.000000 0.105239
49.250000 0.105239
49.500000 0.105239
49.750000 0.105239
50.000000 0.105239
50.250000 0.105239
50.500000 0.105239
50.750000 0.105239
51.000000 0.105239
51.250000 0.105239
51.500000 0.105239
51.750000 0.105239
52.000000 0.105239
52.250000 0.105239
52.500000 0.105239
52.750000 0.105239
53.000000 0.105239
53.250000 0.105239
53.500000 0.105239
53.750000 0.105239
54.000000 0.105239
