0.000000 0.000000
0.250000 0.125978
0.500000 0.125978
0.750000 0.125978
1.000000 0.125978
1.250000 0.125978
1.500000 0.125978
1.750000 0.125978
2.000000 0.125978
2.250000 0.125978
2.500000 0.125978
2.750000 0.125978
3.000000 0.125978
3.250000 0.125978
3.500000 0.125978
3.750000 0.125978
4.000000 0.125978
4.250000 0.125978
4.500000 0.125978
4.750000 0.125978
5.000000 0.125978
5.250000 0.125978
5.500000 0.125978
5.750000 0.125978
6.000000 0.125978
6.250000 0.125978
6.500000 0.125978
6.750000 0.125978
7.000000 0.125978
7.250000 0.125978
7.500000 0.125978
7.750000 0.125978
8.000000 0.125978
8.250000 0.125978
8.500000 0.125978
8.750000 0.125978
9.000000 0.125978
9.250000 0.125978
9.500000 0.125978
9.750000 0.125978
10.000000 0.125978
10.250000 0.125978
10.500000 0.125978
10.750000 0.125978
11.000000 0.125978
11.250000 0.125978
11.500000 0.125978
11.750000 0.125978
12.000000 0.125978
12.250000 0.125978
12.500000 0.125978
12.750000 0.125978
13.000000 0.125978
13.250000 0.125978
13.500000 0.125978
13.750000 0.125978
14.000000 0.125978
14.250000 0.125978
14.500000 0.125978
14.750000 0.125978
15.000000 0.125978
15.250000 0.125978
15.500000 0.125978
15.750000 0.125978
16.000000 0.125978
16.250000 0.125978
16.500000 0.125978
16.750000 0.125978
17.000000 0.125978
17.250000 0.125978
17.500000 0.125978
17.750000 0.125978
18.000000 0.125978
18.250000 0.125978
18.500000 0.125978
18.750000 0.125978
19.000000 0.125978
19.250000 0.125978
19.500000 0.125978
19.750000 0.125978
20.000000 0.125978
20.250000 0.125978
20.500000 0.125978
20.750000 0.125978
21.000000 0.125978
21.250000 0.125978
21.500000 0.125978
21.750000 0.125978
22.000000 0.125978
22.250000 0.125978
22.500000 0.125978
22.750000 0.125978
23.000000 0.125978
23.250000 0.125978
23.500000 0.125978
23.750000 0.125978
24.000000 0.125978
24.250000 0.125978
24.500000 0.125978
24.750000 0.125978
25.000000 0.125978
25.250000 0.125978
25.500000 0.125978
25.750000 0.125978
26.000000 0.125978
26.250000 0.125978
26.500000 0.125978
26.750000 0.125978
27.000000 0.125978
27.250000 0.125978
27.500000 0.125978
27.750000 0.125978
28.000000 0.125978
28.250000 0.125978
28.500000 0.125978
28.750000 0.125978
29.000000 0.125978
29.250000 0.125978
29.500000 0.125978
29.750000 0.125978
30.000000 0.125978
30.250000 0.125978
30.500000 0.125978
30.750000 0.125978
31.000000 0.125978
31.250000 0.125978
31.500000 0.125978
31.750000 0.125978
