0.000000 0.000000
0.250000 0.109780
0.500000 0.109780
0.750000 0.109780
1.000000 0.109780
1.250000 0.109780
1.500000 0.109780
1.750000 0.109780
2.000000 0.109780
2.250000 0.109780
2.500000 0.109780
2.750000 0.109780
3.000000 0.109780
3.250000 0.109780
3.500000 0.109780
3.750000 0.109780
4.000000 0.109780
4.250000 0.109780
4.500000 0.109780
4.750000 0.109780
5.000000 0.109780
5.250000 0.109780
5.500000 0.109780
5.750000 0.109780
6.000000 0.109780
6.250000 0.109780
6.500000 0.109780
6.750000 0.109780
7.000000 0.109780
7.250000 0.109780
7.500000 0.109780
7.750000 0.109780
8.000000 0.109780
8.250000 0.109780
8.500000 0.109780
8.750000 0.109780
9.000000 0.109780
9.250000 0.109780
9.500000 0.109780
9.750000 0.109780
10.000000 0.109780
10.250000 0.109780
10.500000 0.109780
10.750000 0.109780
11.000000 0.109780
11.250000 0.109780
11.500000 0.109780
11.750000 0.109780
12.000000 0.109780
12.250000 0.109780
12.500000 0.109780
12.750000 0.109780
