0.000000 0.000000
0.250000 0.106088
0.500000 0.106088
0.750000 0.106088
1.000000 0.106088
1.250000 0.106088
1.500000 0.106088
1.750000 0.106088
2.000000 0.106088
2.250000 0.106088
2.500000 0.106088
2.750000 0.106088
3.000000 0.106088
3.250000 0.106088
3.500000 0.106088
3.750000 0.106088
4.000000 0.106088
4.250000 0.106088
4.500000 0.106088
4.750000 0.106088
5.000000 0.106088
5.250000 0.106088
5.500000 0.106088
5.750000 0.106088
6.000000 0.106088
6.250000 0.106088
6.500000 0.106088
6.750000 0.106088
7.000000 0.106088
7.250000 0.106088
7.500000 0.106088
7.750000 0.106088
8.000000 0.106088
8.250000 0.106088
8.500000 0.106088
8.750000 0.106088
9.000000 0.106088
9.250000 0.106088
9.500000 0.106088
9.750000 0.106088
10.000000 0.106088
10.250000 0.106088
10.500000 0.106088
10.750000 0.106088
11.000000 0.106088
11.250000 0.106088
11.500000 0.106088
11.750000 0.106088
12.000000 0.106088
12.250000 0.106088
12.500000 0.106088
12.750000 0.106088
