0.000000 0.000000
0.250000 0.129950
0.500000 0.129950
0.750000 0.129950
1.000000 0.129950
1.250000 0.129950
1.500000 0.129950
1.750000 0.129950
2.000000 0.129950
2.250000 0.129950
2.500000 0.129950
2.750000 0.129950
3.000000 0.129950
3.250000 0.129950
3.500000 0.129950
3.750000 0.129950
4.000000 0.129950
4.250000 0.129950
4.500000 0.129950
4.750000 0.129950
5.000000 0.129950
5.250000 0.129950
5.500000 0.129950
5.750000 0.129950
6.000000 0.129950
6.250000 0.129950
6.500000 0.129950
6.750000 0.129950
7.000000 0.129950
7.250000 0.129950
7.500000 0.129950
7.750000 0.129950
8.000000 0.129950
8.250000 0.129950
8.500000 0.129950
8.750000 0.129950
9.000000 0.129950
9.250000 0.129950
9.500000 0.129950
9.750000 0.129950
10.000000 0.129950
10.250000 0.129950
10.500000 0.129950
10.750000 0.129950
11.000000 0.129950
11.250000 0.129950
11.500000 0.129950
11.750000 0.129950
12.000000 0.129950
12.250000 0.129950
12.500000 0.129950
12.750000 0.129950
13.000000 0.129950
13.250000 0.129950
13.500000 0.129950
13.750000 0.129950
14.000000 0.129950
