0.416320 0.097171
1.869850 0.096628
3.898076 0.064728
5.885463 0.113330
7.890228 0.000000
9.898253 0.000000
11.892107 0.000000
13.891115 0.000000
15.893142 0.426589
17.882702 0.591046
19.892710 0.573715
21.886688 0.525411
23.904111 0.532403
25.895035 0.530359
27.893667 0.585700
29.897424 0.576061
31.908276 0.559564
33.891303 0.608646
35.899634 0.585077
37.891200 0.572052
39.898689 0.538305
41.901917 0.590339
43.907188 0.575703
45.901644 0.528431
47.907558 0.532965
49.896465 0.527066
51.907610 0.530577
53.905386 0.529910
55.905693 0.624837
57.902201 0.542758
59.900277 0.526537
61.913381 0.542675
63.901020 0.555470
65.898329 0.599133
67.907707 0.529848
69.908282 0.528267
71.914847 0.213782
73.898157 0.000000
75.904878 0.000000
