0.000000 0.000000
0.250000 0.093530
0.500000 0.093530
0.750000 0.093530
1.000000 0.093530
1.250000 0.093530
1.500000 0.093530
1.750000 0.093530
2.000000 0.093530
2.250000 0.093530
2.500000 0.093530
2.750000 0.093530
3.000000 0.093530
3.250000 0.093530
3.500000 0.093530
3.750000 0.093530
4.000000 0.093530
4.250000 0.093530
4.500000 0.093530
4.750000 0.093530
5.000000 0.093530
5.250000 0.093530
5.500000 0.093530
5.750000 0.093530
6.000000 0.093530
6.250000 0.093530
6.500000 0.093530
6.750000 0.093530
7.000000 0.093530
7.250000 0.093530
7.500000 0.093530
7.750000 0.093530
8.000000 0.093530
8.250000 0.093530
8.500000 0.093530
8.750000 0.093530
9.000000 0.093530
9.250000 0.093530
9.500000 0.093530
9.750000 0.093530
10.000000 0.093530
10.250000 0.093530
10.500000 0.093530
10.750000 0.093530
11.000000 0.093530
11.250000 0.093530
11.500000 0.093530
11.750000 0.093530
12.000000 0.093530
12.250000 0.093530
12.500000 0.093530
12.750000 0.093530
13.000000 0.093530
13.250000 0.093530
13.500000 0.093530
13.750000 0.093530
14.000000 0.093530
14.250000 0.093530
14.500000 0.093530
14.750000 0.093530
15.000000 0.093530
15.250000 0.093530
15.500000 0.093530
15.750000 0.093530
16.000000 0.093530
16.250000 0.093530
16.500000 0.093530
16.750000 0.093530
17.000000 0.093530
17.250000 0.093530
17.500000 0.093530
17.750000 0.093530
18.000000 0.093530
18.250000 0.093530
18.500000 0.093530
18.750000 0.093530
19.000000 0.093530
19.250000 0.093530
19.500000 0.093530
19.750000 0.093530
20.000000 0.093530
20.250000 0.093530
20.500000 0.093530
20.750000 0.093530
21.000000 0.093530
21.250000 0.093530
21.500000 0.093530
21.750000 0.093530
22.000000 0.093530
22.250000 0.093530
22.500000 0.093530
22.750000 0.093530
23.000000 0.093530
23.250000 0.093530
23.500000 0.093530
23.750000 0.093530
24.000000 0.093530
24.250000 0.093530
24.500000 0.093530
24.750000 0.093530
25.000000 0.093530
25.250000 0.093530
25.500000 0.093530
25.750000 0.093530
26.000000 0.093530
26.250000 0.093530
26.500000 0.093530
26.750000 0.093530
27.000000 0.093530
27.250000 0.093530
27.500000 0.093530
27.750000 0.093530
28.000000 0.093530
28.250000 0.093530
28.500000 0.093530
28.750000 0.093530
29.000000 0.093530
29.250000 0.093530
29.500000 0.093530
29.750000 0.093530
30.000000 0.093530
30.250000 0.093530
30.500000 0.093530
30.750000 0.093530
31.000000 0.093530
31.250000 0.093530
31.500000 0.093530
31.750000 0.093530
