0.000000 0.327524
0.250000 0.128977
0.500000 0.134848
0.750000 0.132136
1.000000 0.129425
1.250000 1.342596
1.500000 2.555767
1.750000 0.115117
2.000000 1.328288
2.250000 0.106607
2.500000 1.319778
2.750000 2.532949
3.000000 3.746120
3.250000 0.086539
3.500000 1.299710
3.750000 0.078030
4.000000 1.291201
4.250000 2.504372
4.500000 3.717543
4.750000 0.057961
5.000000 1.271132
5.250000 2.484303
5.500000 3.697474
5.750000 0.558852
6.000000 1.772023
6.250000 0.036361
6.500000 1.249532
6.750000 2.462703
7.000000 0.022053
7.250000 1.235224
7.500000 0.013543
7.750000 1.226714
8.000000 2.439885
8.250000 3.653056
8.500000 4.866227
8.750000 6.079398
9.000000 1.200809
9.250000 2.413980
9.500000 3.627151
9.750000 4.840322
10.000000 6.053493
10.250000 7.266665
10.500000 1.169106
10.750000 2.382277
11.000000 3.595448
11.250000 4.808619
11.500000 0.000000
11.750000 1.143202
12.000000 2.356373
12.250000 0.000000
12.500000 1.128894
12.750000 2.342065
13.000000 3.555236
13.250000 4.768407
13.500000 5.981578
13.750000 1.102989
14.000000 2.316160
14.250000 3.529331
14.500000 4.742502
14.750000 5.955673
15.000000 0.000000
15.250000 1.071324
15.500000 2.284495
15.750000 3.497666
16.000000 4.710837
16.250000 5.924008
16.500000 1.045420
16.750000 2.258591
17.000000 3.471762
17.250000 4.684933
17.500000 5.898104
17.750000 0.000000
18.000000 1.016804
18.250000 2.229975
18.500000 3.443146
18.750000 4.656317
19.000000 5.869488
19.250000 0.990899
19.500000 2.204070
19.750000 0.000000
20.000000 0.976591
20.250000 2.189762
20.500000 3.402933
20.750000 4.616104
21.000000 5.829275
21.250000 0.950686
21.500000 2.163857
21.750000 3.377028
22.000000 4.590199
22.250000 5.803370
22.500000 0.924782
22.750000 2.137953
23.000000 3.351124
23.250000 0.000000
23.500000 0.000000
23.750000 0.901964
24.000000 2.115135
24.250000 3.328306
24.500000 4.541477
24.750000 5.754648
25.000000 0.876060
25.250000 2.089231
25.500000 3.302402
25.750000 4.515573
26.000000 5.728744
26.250000 0.850155
26.500000 2.063326
26.750000 3.276497
27.000000 4.489668
27.250000 5.702839
27.500000 0.000000
27.750000 0.821539
28.000000 2.034710
28.250000 3.247881
28.500000 4.461052
28.750000 0.801433
29.000000 2.014604
29.250000 3.227775
29.500000 4.440946
29.750000 5.654117
30.000000 6.867288
30.250000 0.769730
30.500000 1.982901
30.750000 3.196072
31.000000 4.409243
31.250000 0.000000
31.500000 0.743825
31.750000 1.956996
