0.000000 0.000000
0.250000 0.109472
0.500000 0.109472
0.750000 0.109472
1.000000 0.109472
1.250000 0.109472
1.500000 0.109472
1.750000 0.109472
2.000000 0.109472
2.250000 0.109472
2.500000 0.109472
2.750000 0.109472
3.000000 0.109472
3.250000 0.109472
3.500000 0.109472
3.750000 0.109472
4.000000 0.109472
4.250000 0.109472
4.500000 0.109472
4.750000 0.109472
5.000000 0.109472
5.250000 0.109472
5.500000 0.109472
5.750000 0.109472
6.000000 0.109472
6.250000 0.109472
6.500000 0.109472
6.750000 0.109472
7.000000 0.109472
7.250000 0.109472
7.500000 0.109472
7.750000 0.109472
8.000000 0.109472
8.250000 0.109472
8.500000 0.109472
8.750000 0.109472
9.000000 0.109472
9.250000 0.109472
9.500000 0.109472
9.750000 0.109472
10.000000 0.109472
10.250000 0.109472
10.500000 0.109472
10.750000 0.109472
11.000000 0.109472
11.250000 0.109472
11.500000 0.109472
11.750000 0.109472
12.000000 0.109472
12.250000 0.109472
12.500000 0.109472
12.750000 0.109472
13.000000 0.109472
13.250000 0.109472
13.500000 0.109472
13.750000 0.109472
14.000000 0.109472
14.250000 0.109472
14.500000 0.109472
14.750000 0.109472
15.000000 0.109472
15.250000 0.109472
15.500000 0.109472
15.750000 0.109472
16.000000 0.109472
16.250000 0.109472
16.500000 0.109472
16.750000 0.109472
17.000000 0.109472
17.250000 0.109472
17.500000 0.109472
17.750000 0.109472
18.000000 0.109472
18.250000 0.109472
18.500000 0.109472
18.750000 0.109472
19.000000 0.109472
19.250000 0.109472
19.500000 0.109472
19.750000 0.109472
20.000000 0.109472
20.250000 0.109472
20.500000 0.109472
20.750000 0.109472
21.000000 0.109472
21.250000 0.109472
21.500000 0.109472
21.750000 0.109472
22.000000 0.109472
22.250000 0.109472
22.500000 0.109472
22.750000 0.109472
23.000000 0.109472
23.250000 0.109472
23.500000 0.109472
23.750000 0.109472
24.000000 0.109472
24.250000 0.109472
24.500000 0.109472
24.750000 0.109472
25.000000 0.109472
25.250000 0.109472
25.500000 0.109472
25.750000 0.109472
26.000000 0.109472
26.250000 0.109472
26.500000 0.109472
26.750000 0.109472
27.000000 0.109472
27.250000 0.109472
27.500000 0.109472
27.750000 0.109472
28.000000 0.109472
28.250000 0.109472
28.500000 0.109472
28.750000 0.109472
29.000000 0.109472
29.250000 0.109472
29.500000 0.109472
29.750000 0.109472
30.000000 0.109472
30.250000 0.109472
30.500000 0.109472
30.750000 0.109472
31.000000 0.109472
31.250000 0.109472
31.500000 0.109472
31.750000 0.109472
