0.000000 0.000000
0.250000 0.103997
0.500000 0.103997
0.750000 0.103997
1.000000 0.103997
1.250000 0.103997
1.500000 0.103997
1.750000 0.103997
2.000000 0.103997
2.250000 0.103997
2.500000 0.103997
2.750000 0.103997
3.000000 0.103997
3.250000 0.103997
3.500000 0.103997
3.750000 0.103997
4.000000 0.103997
4.250000 0.103997
4.500000 0.103997
4.750000 0.103997
5.000000 0.103997
5.250000 0.103997
5.500000 0.103997
5.750000 0.103997
6.000000 0.103997
6.250000 0.103997
6.500000 0.103997
6.750000 0.103997
7.000000 0.103997
7.250000 0.103997
7.500000 0.103997
7.750000 0.103997
8.000000 0.103997
8.250000 0.103997
8.500000 0.103997
8.750000 0.103997
9.000000 0.103997
9.250000 0.103997
9.500000 0.103997
9.750000 0.103997
10.000000 0.103997
10.250000 0.103997
10.500000 0.103997
10.750000 0.103997
11.000000 0.103997
11.250000 0.103997
11.500000 0.103997
11.750000 0.103997
12.000000 0.103997
12.250000 0.103997
12.500000 0.103997
12.750000 0.103997
