0.000000 0.000000
0.250000 0.056546
0.500000 0.056546
0.750000 0.056546
1.000000 0.056546
1.250000 0.056546
1.500000 0.056546
1.750000 0.056546
2.000000 0.056546
2.250000 0.056546
2.500000 0.056546
2.750000 0.056546
3.000000 0.056546
3.250000 0.056546
3.500000 0.056546
3.750000 0.056546
4.000000 0.056546
4.250000 0.056546
4.500000 0.056546
4.750000 0.056546
5.000000 0.056546
5.250000 0.056546
5.500000 0.056546
5.750000 0.056546
6.000000 0.056546
6.250000 0.056546
6.500000 0.056546
6.750000 0.056546
7.000000 0.056546
7.250000 0.056546
7.500000 0.056546
7.750000 0.056546
8.000000 0.056546
8.250000 0.056546
8.500000 0.056546
8.750000 0.056546
9.000000 0.056546
9.250000 0.056546
9.500000 0.056546
9.750000 0.056546
10.000000 0.056546
10.250000 0.056546
10.500000 0.056546
10.750000 0.056546
11.000000 0.056546
11.250000 0.056546
11.500000 0.056546
11.750000 0.056546
12.000000 0.056546
12.250000 0.056546
12.500000 0.056546
12.750000 0.056546
13.000000 0.056546
13.250000 0.056546
13.500000 0.056546
13.750000 0.056546
14.000000 0.056546
14.250000 0.056546
14.500000 0.056546
14.750000 0.056546
15.000000 0.056546
15.250000 0.056546
15.500000 0.056546
15.750000 0.056546
16.000000 0.056546
16.250000 0.056546
16.500000 0.056546
16.750000 0.056546
17.000000 0.056546
17.250000 0.056546
17.500000 0.056546
17.750000 0.056546
18.000000 0.056546
18.250000 0.056546
18.500000 0.056546
18.750000 0.056546
19.000000 0.056546
19.250000 0.056546
19.500000 0.056546
19.750000 0.056546
20.000000 0.056546
20.250000 0.056546
20.500000 0.056546
20.750000 0.056546
21.000000 0.056546
21.250000 0.056546
21.500000 0.056546
21.750000 0.056546
22.000000 0.056546
22.250000 0.056546
22.500000 0.056546
22.750000 0.056546
23.000000 0.056546
23.250000 0.056546
23.500000 0.056546
23.750000 0.056546
24.000000 0.056546
24.250000 0.056546
24.500000 0.056546
24.750000 0.056546
25.000000 0.056546
25.250000 0.056546
25.500000 0.056546
25.750000 0.056546
26.000000 0.056546
26.250000 0.056546
26.500000 0.056546
26.750000 0.056546
27.000000 0.056546
27.250000 0.056546
27.500000 0.056546
27.750000 0.056546
28.000000 0.056546
28.250000 0.056546
28.500000 0.056546
28.750000 0.056546
29.000000 0.056546
29.250000 0.056546
29.500000 0.056546
29.750000 0.056546
30.000000 0.056546
30.250000 0.056546
30.500000 0.056546
30.750000 0.056546
31.000000 0.056546
31.250000 0.056546
31.500000 0.056546
31.750000 0.056546
32.000000 0.056546
32.250000 0.056546
32.500000 0.056546
32.750000 0.056546
33.000000 0.056546
33.250000 0.056546
33.500000 0.056546
33.750000 0.056546
34.000000 0.056546
34.250000 0.056546
34.500000 0.056546
34.750000 0.056546
35.000000 0.056546
35.250000 0.056546
35.500000 0.056546
35.750000 0.056546
36.000000 0.056546
36.250000 0.056546
36.500000 0.056546
36.750000 0.056546
37.000000 0.056546
37.250000 0.056546
37.500000 0.056546
37.750000 0.056546
38.000000 0.056546
38.250000 0.056546
38.500000 0.056546
38.750000 0.056546
39.000000 0.056546
39.250000 0.056546
39.500000 0.056546
39.750000 0.056546
40.000000 0.056546
40.250000 0.056546
40.500000 0.056546
40.750000 0.056546
41.000000 0.056546
41.250000 0.056546
41.500000 0.056546
41.750000 0.056546
42.000000 0.056546
42.250000 0.056546
42.500000 0.056546
42.750000 0.056546
43.000000 0.056546
43.250000 0.056546
43.500000 0.056546
43.750000 0.056546
44.000000 0.056546
44.250000 0.056546
44.500000 0.056546
44.750000 0.056546
45.000000 0.056546
45.250000 0.056546
45.500000 0.056546
45.750000 0.056546
46.000000 0.056546
46.250000 0.056546
46.500000 0.056546
46.750000 0.056546
47.000000 0.056546
47.250000 0.056546
47.500000 0.056546
47.750000 0.056546
48.000000 0.056546
48.250000 0.056546
48.500000 0.056546
48.750000 0.056546
49.000000 0.056546
49.250000 0.056546
49.500000 0.056546
49.750000 0.056546
50.000000 0.056546
50.250000 0.056546
50.500000 0.056546
50.750000 0.056546
51.000000 0.056546
51.250000 0.056546
51.500000 0.056546
51.750000 0.056546
52.000000 0.056546
52.250000 0.056546
52.500000 0.056546
52.750000 0.056546
53.000000 0.056546
53.250000 0.056546
53.500000 0.056546
53.750000 0.056546
54.000000 0.056546
