0.006738 0.087330
1.880538 0.096771
3.905764 0.064978
5.868808 0.276759
7.879880 0.000000
9.893095 0.000000
11.872639 0.000000
13.886945 0.000000
15.873633 0.038001
17.878381 0.046955
19.901826 0.057776
21.875191 0.048212
23.875626 0.048206
25.896157 0.048592
27.900637 0.049135
29.902429 0.060035
31.897130 0.050392
33.877474 0.059867
35.877780 0.049807
37.881365 0.049887
39.881753 0.060582
41.882112 0.050538
43.904026 0.061889
45.885331 0.050413
47.912271 0.051212
49.907569 0.050951
51.913097 0.052312
53.884742 0.052146
55.890154 0.052093
57.897625 0.063118
59.885796 0.052107
61.892720 0.052453
63.886420 0.052258
65.887546 0.062739
67.887732 0.051585
69.914960 0.052825
