0.285947 0.000000
5.433378 0.137102
5.588397 0.137102
14.220135 0.137102
14.550503 0.137102
14.861011 0.137102
15.152424 0.137102
15.462656 0.137102
15.773353 0.137102
16.086339 0.137102
16.360749 0.137102
16.704080 0.137102
17.022325 0.137102
17.369015 0.137102
17.702498 0.137102
17.962683 0.137102
18.307065 0.137102
18.632999 0.137102
18.939963 0.137102
19.221318 0.137102
19.554974 0.137102
19.875334 0.137102
20.209814 0.137102
20.525225 0.137102
20.848979 0.137102
21.190944 0.137102
21.527613 0.137102
21.859277 0.137102
22.136938 0.137102
22.456643 0.137102
22.774833 0.137102
23.071578 0.137102
23.400449 0.137102
23.667611 0.137102
24.003138 0.137102
24.341531 0.137102
24.682363 0.137102
25.008185 0.137102
25.285339 0.137102
25.614553 0.137102
25.956327 0.137102
26.226734 0.137102
26.564146 0.137102
26.945164 0.137102
27.324908 0.137102
27.708513 0.137102
28.114929 0.137102
28.486146 0.137102
28.836973 0.137102
29.224764 0.137102
29.607731 0.137102
29.929468 0.137102
30.206039 0.137102
30.504776 0.137102
30.886513 0.137102
31.250806 0.137102
31.561597 0.137102
31.927815 0.137102
32.240840 0.137102
32.599829 0.137102
32.986665 0.137102
33.415910 0.137102
33.680774 0.137102
34.007684 0.137102
34.401083 0.137102
34.777944 0.137102
35.134356 0.137102
35.536929 0.137102
35.929466 0.137102
36.335129 0.137102
36.709977 0.137102
37.039330 0.137102
37.413364 0.137102
37.792309 0.137102
38.153466 0.137102
38.527418 0.137102
38.914055 0.137102
39.301073 0.137102
39.686527 0.137102
40.072349 0.137102
40.449198 0.137102
40.820364 0.137102
41.248002 0.137102
41.678925 0.137102
42.072442 0.137102
42.480667 0.137102
42.854933 0.137102
43.200545 0.137102
43.617564 0.137102
43.990025 0.137102
44.323749 0.137102
44.723605 0.137102
45.142336 0.137102
45.553205 0.137102
45.859793 0.137102
46.298176 0.137102
46.760553 0.137102
47.139604 0.137102
47.538827 0.137102
47.900664 0.137102
48.337251 0.137102
48.774072 0.137102
49.231268 0.137102
49.662816 0.137102
50.117620 0.137102
50.560122 0.137102
50.997421 0.137102
51.401984 0.137102
51.850606 0.137102
52.274267 0.137102
52.741054 0.137102
53.217252 0.137102
53.649059 0.137102
54.093241 0.137102
54.550981 0.137102
54.998658 0.137102
55.449372 0.137102
55.766224 0.137102
56.224556 0.137102
56.708965 0.137102
57.116258 0.137102
57.575094 0.137102
58.025787 0.137102
58.500073 0.137102
58.947596 0.137102
59.429985 0.137102
59.890008 0.137102
60.265517 0.137102
60.673737 0.137102
61.014733 0.137102
61.494826 0.137102
61.980841 0.137102
62.458413 0.137102
62.857093 0.137102
63.305522 0.137102
63.748873 0.137102
64.114594 0.137102
64.559312 0.137102
65.035989 0.137102
65.623549 0.137102
65.950292 0.137102
66.405010 0.137102
66.877134 0.137102
67.347952 0.137102
67.804308 0.137102
68.265916 0.137102
68.750980 0.137102
69.223331 0.137102
69.691648 0.137102
70.194564 0.137102
70.705171 0.137102
71.156511 0.137102
71.516371 0.137102
71.955401 0.137102
72.414410 0.137102
72.905062 0.137102
73.347458 0.137102
73.823997 0.137102
74.312836 0.137102
74.825330 0.137102
75.272812 0.137102
75.743116 0.137102
76.190723 0.137102
76.684916 0.137102
77.107969 0.137102
77.653203 0.137102
78.093492 0.137102
78.438222 0.137102
78.904065 0.137102
79.403637 0.137102
79.789625 0.137102
80.226409 0.137102
80.648020 0.137102
81.045566 0.137102
81.533352 0.137102
82.012360 0.137102
82.491891 0.137102
82.969797 0.137102
83.293896 0.137102
83.780925 0.137102
84.264381 0.137102
84.751071 0.137102
85.274435 0.137102
85.767803 0.137102
86.263065 0.137102
86.664406 0.137102
87.163498 0.137102
87.676985 0.137102
88.173368 0.137102
88.700104 0.137102
89.185399 0.137102
89.660902 0.137102
90.137997 0.137102
90.659602 0.137102
91.162419 0.137102
91.678257 0.137102
92.201915 0.137102
92.747510 0.137102
93.909159 0.137102
94.357567 0.137102
94.785749 0.137102
95.243506 0.137102
95.693684 0.137102
96.190255 0.137102
96.721137 0.137102
97.093746 0.137102
97.607917 0.137102
98.068784 0.137102
98.586597 0.137102
99.082907 0.137102
99.607193 0.137102
100.115072 0.137102
100.625045 0.137102
106.401175 0.137102
107.895910 0.137102
108.735589 0.137102
109.210375 0.137102
109.665053 0.137102
110.108703 0.137102
110.557052 0.137102
111.043020 0.137102
111.529139 0.137102
111.996179 0.137102
112.488342 0.137102
112.971609 0.137102
113.460836 0.137102
113.951539 0.137102
114.447214 0.137102
114.963614 0.137102
115.472885 0.137102
116.019158 0.137102
