0.000000 0.000000
0.250000 0.090535
0.500000 0.090535
0.750000 0.090535
1.000000 0.090535
1.250000 0.090535
1.500000 0.090535
1.750000 0.090535
2.000000 0.090535
2.250000 0.090535
2.500000 0.090535
2.750000 0.090535
3.000000 0.090535
3.250000 0.090535
3.500000 0.090535
3.750000 0.090535
4.000000 0.090535
4.250000 0.090535
4.500000 0.090535
4.750000 0.090535
5.000000 0.090535
5.250000 0.090535
5.500000 0.090535
5.750000 0.090535
6.000000 0.090535
6.250000 0.090535
6.500000 0.090535
6.750000 0.090535
7.000000 0.090535
7.250000 0.090535
7.500000 0.090535
7.750000 0.090535
8.000000 0.090535
8.250000 0.090535
8.500000 0.090535
8.750000 0.090535
9.000000 0.090535
9.250000 0.090535
9.500000 0.090535
9.750000 0.090535
10.000000 0.090535
10.250000 0.090535
10.500000 0.090535
10.750000 0.090535
11.000000 0.090535
11.250000 0.090535
11.500000 0.090535
11.750000 0.090535
12.000000 0.090535
12.250000 0.090535
12.500000 0.090535
12.750000 0.090535
13.000000 0.090535
13.250000 0.090535
13.500000 0.090535
13.750000 0.090535
14.000000 0.090535
14.250000 0.090535
14.500000 0.090535
14.750000 0.090535
15.000000 0.090535
15.250000 0.090535
15.500000 0.090535
15.750000 0.090535
16.000000 0.090535
16.250000 0.090535
16.500000 0.090535
16.750000 0.090535
17.000000 0.090535
17.250000 0.090535
17.500000 0.090535
17.750000 0.090535
18.000000 0.090535
18.250000 0.090535
18.500000 0.090535
18.750000 0.090535
19.000000 0.090535
19.250000 0.090535
19.500000 0.090535
19.750000 0.090535
20.000000 0.090535
20.250000 0.090535
20.500000 0.090535
20.750000 0.090535
21.000000 0.090535
21.250000 0.090535
21.500000 0.090535
21.750000 0.090535
22.000000 0.090535
22.250000 0.090535
22.500000 0.090535
22.750000 0.090535
23.000000 0.090535
23.250000 0.090535
23.500000 0.090535
23.750000 0.090535
24.000000 0.090535
24.250000 0.090535
24.500000 0.090535
24.750000 0.090535
25.000000 0.090535
25.250000 0.090535
25.500000 0.090535
25.750000 0.090535
26.000000 0.090535
26.250000 0.090535
26.500000 0.090535
26.750000 0.090535
27.000000 0.090535
27.250000 0.090535
27.500000 0.090535
27.750000 0.090535
28.000000 0.090535
28.250000 0.090535
28.500000 0.090535
28.750000 0.090535
29.000000 0.090535
29.250000 0.090535
29.500000 0.090535
29.750000 0.090535
30.000000 0.090535
30.250000 0.090535
30.500000 0.090535
30.750000 0.090535
31.000000 0.090535
31.250000 0.090535
31.500000 0.090535
31.750000 0.090535
