0.000000 0.000000
0.250000 0.156485
0.500000 0.156485
0.750000 0.156485
1.000000 0.156485
1.250000 0.156485
1.500000 0.156485
1.750000 0.156485
2.000000 0.156485
2.250000 0.156485
2.500000 0.156485
2.750000 0.156485
3.000000 0.156485
3.250000 0.156485
3.500000 0.156485
3.750000 0.156485
4.000000 0.156485
4.250000 0.156485
4.500000 0.156485
4.750000 0.156485
5.000000 0.156485
5.250000 0.156485
5.500000 0.156485
5.750000 0.156485
6.000000 0.156485
6.250000 0.156485
6.500000 0.156485
6.750000 0.156485
7.000000 0.156485
7.250000 0.156485
7.500000 0.156485
7.750000 0.156485
8.000000 0.156485
8.250000 0.156485
8.500000 0.156485
8.750000 0.156485
9.000000 0.156485
9.250000 0.156485
9.500000 0.156485
9.750000 0.156485
10.000000 0.156485
10.250000 0.156485
10.500000 0.156485
10.750000 0.156485
11.000000 0.156485
11.250000 0.156485
11.500000 0.156485
11.750000 0.156485
12.000000 0.156485
12.250000 0.156485
12.500000 0.156485
12.750000 0.156485
13.000000 0.156485
13.250000 0.156485
13.500000 0.156485
13.750000 0.156485
14.000000 0.156485
