0.000000 0.000000
0.250000 0.179886
0.500000 0.179886
0.750000 0.179886
1.000000 0.179886
1.250000 0.179886
1.500000 0.179886
1.750000 0.179886
2.000000 0.179886
2.250000 0.179886
2.500000 0.179886
2.750000 0.179886
3.000000 0.179886
3.250000 0.179886
3.500000 0.179886
3.750000 0.179886
4.000000 0.179886
4.250000 0.179886
4.500000 0.179886
4.750000 0.179886
5.000000 0.179886
5.250000 0.179886
5.500000 0.179886
5.750000 0.179886
6.000000 0.179886
6.250000 0.179886
6.500000 0.179886
6.750000 0.179886
7.000000 0.179886
7.250000 0.179886
7.500000 0.179886
7.750000 0.179886
8.000000 0.179886
8.250000 0.179886
8.500000 0.179886
8.750000 0.179886
9.000000 0.179886
9.250000 0.179886
9.500000 0.179886
9.750000 0.179886
10.000000 0.179886
10.250000 0.179886
10.500000 0.179886
10.750000 0.179886
11.000000 0.179886
11.250000 0.179886
11.500000 0.179886
11.750000 0.179886
12.000000 0.179886
12.250000 0.179886
12.500000 0.179886
12.750000 0.179886
13.000000 0.179886
13.250000 0.179886
13.500000 0.179886
13.750000 0.179886
14.000000 0.179886
