0.000000 0.000000
0.250000 4.693099
0.500000 4.693099
0.750000 4.693099
1.000000 4.693099
1.250000 4.693099
1.500000 4.693099
1.750000 4.693099
2.000000 4.693099
2.250000 4.693099
2.500000 4.693099
2.750000 4.693099
3.000000 4.693099
3.250000 4.693099
3.500000 4.693099
3.750000 4.693099
4.000000 4.693099
4.250000 4.693099
4.500000 4.693099
4.750000 4.693099
5.000000 4.693099
5.250000 4.693099
5.500000 4.693099
5.750000 4.693099
6.000000 4.693099
6.250000 4.693099
6.500000 4.693099
6.750000 4.693099
7.000000 4.693099
7.250000 4.693099
7.500000 4.693099
7.750000 4.693099
8.000000 4.693099
8.250000 4.693099
8.500000 4.693099
8.750000 4.693099
9.000000 4.693099
9.250000 4.693099
9.500000 4.693099
9.750000 4.693099
10.000000 4.693099
10.250000 4.693099
10.500000 4.693099
10.750000 4.693099
11.000000 4.693099
11.250000 4.693099
11.500000 4.693099
11.750000 4.693099
12.000000 4.693099
12.250000 4.693099
12.500000 4.693099
12.750000 4.693099
