0.000000 0.000000
0.250000 0.093577
0.500000 0.093577
0.750000 0.093577
1.000000 0.093577
1.250000 0.093577
1.500000 0.093577
1.750000 0.093577
2.000000 0.093577
2.250000 0.093577
2.500000 0.093577
2.750000 0.093577
3.000000 0.093577
3.250000 0.093577
3.500000 0.093577
3.750000 0.093577
4.000000 0.093577
4.250000 0.093577
4.500000 0.093577
4.750000 0.093577
5.000000 0.093577
5.250000 0.093577
5.500000 0.093577
5.750000 0.093577
6.000000 0.093577
6.250000 0.093577
6.500000 0.093577
6.750000 0.093577
7.000000 0.093577
7.250000 0.093577
7.500000 0.093577
7.750000 0.093577
8.000000 0.093577
8.250000 0.093577
8.500000 0.093577
8.750000 0.093577
9.000000 0.093577
9.250000 0.093577
9.500000 0.093577
9.750000 0.093577
10.000000 0.093577
10.250000 0.093577
10.500000 0.093577
10.750000 0.093577
11.000000 0.093577
11.250000 0.093577
11.500000 0.093577
11.750000 0.093577
12.000000 0.093577
12.250000 0.093577
12.500000 0.093577
12.750000 0.093577
13.000000 0.093577
13.250000 0.093577
13.500000 0.093577
13.750000 0.093577
14.000000 0.093577
14.250000 0.093577
14.500000 0.093577
14.750000 0.093577
15.000000 0.093577
15.250000 0.093577
15.500000 0.093577
15.750000 0.093577
16.000000 0.093577
16.250000 0.093577
16.500000 0.093577
16.750000 0.093577
17.000000 0.093577
17.250000 0.093577
17.500000 0.093577
17.750000 0.093577
18.000000 0.093577
18.250000 0.093577
18.500000 0.093577
18.750000 0.093577
19.000000 0.093577
19.250000 0.093577
19.500000 0.093577
19.750000 0.093577
20.000000 0.093577
20.250000 0.093577
20.500000 0.093577
20.750000 0.093577
21.000000 0.093577
21.250000 0.093577
21.500000 0.093577
21.750000 0.093577
22.000000 0.093577
22.250000 0.093577
22.500000 0.093577
22.750000 0.093577
23.000000 0.093577
23.250000 0.093577
23.500000 0.093577
23.750000 0.093577
24.000000 0.093577
24.250000 0.093577
24.500000 0.093577
24.750000 0.093577
25.000000 0.093577
25.250000 0.093577
25.500000 0.093577
25.750000 0.093577
26.000000 0.093577
26.250000 0.093577
26.500000 0.093577
26.750000 0.093577
27.000000 0.093577
27.250000 0.093577
27.500000 0.093577
27.750000 0.093577
28.000000 0.093577
28.250000 0.093577
28.500000 0.093577
28.750000 0.093577
29.000000 0.093577
29.250000 0.093577
29.500000 0.093577
29.750000 0.093577
30.000000 0.093577
30.250000 0.093577
30.500000 0.093577
30.750000 0.093577
31.000000 0.093577
31.250000 0.093577
31.500000 0.093577
31.750000 0.093577
32.000000 0.093577
32.250000 0.093577
32.500000 0.093577
32.750000 0.093577
33.000000 0.093577
33.250000 0.093577
33.500000 0.093577
33.750000 0.093577
34.000000 0.093577
34.250000 0.093577
34.500000 0.093577
34.750000 0.093577
35.000000 0.093577
35.250000 0.093577
35.500000 0.093577
35.750000 0.093577
36.000000 0.093577
36.250000 0.093577
36.500000 0.093577
36.750000 0.093577
37.000000 0.093577
37.250000 0.093577
37.500000 0.093577
37.750000 0.093577
38.000000 0.093577
38.250000 0.093577
38.500000 0.093577
38.750000 0.093577
39.000000 0.093577
39.250000 0.093577
39.500000 0.093577
39.750000 0.093577
40.000000 0.093577
40.250000 0.093577
40.500000 0.093577
40.750000 0.093577
41.000000 0.093577
41.250000 0.093577
41.500000 0.093577
41.750000 0.093577
42.000000 0.093577
42.250000 0.093577
42.500000 0.093577
42.750000 0.093577
43.000000 0.093577
43.250000 0.093577
43.500000 0.093577
43.750000 0.093577
44.000000 0.093577
44.250000 0.093577
44.500000 0.093577
44.750000 0.093577
45.000000 0.093577
45.250000 0.093577
45.500000 0.093577
45.750000 0.093577
46.000000 0.093577
46.250000 0.093577
46.500000 0.093577
46.750000 0.093577
47.000000 0.093577
47.250000 0.093577
47.500000 0.093577
47.750000 0.093577
48.000000 0.093577
48.250000 0.093577
48.500000 0.093577
48.750000 0.093577
49.000000 0.093577
49.250000 0.093577
49.500000 0.093577
49.750000 0.093577
50.000000 0.093577
50.250000 0.093577
50.500000 0.093577
50.750000 0.093577
51.000000 0.093577
51.250000 0.093577
51.500000 0.093577
51.750000 0.093577
52.000000 0.093577
52.250000 0.093577
52.500000 0.093577
52.750000 0.093577
53.000000 0.093577
53.250000 0.093577
53.500000 0.093577
53.750000 0.093577
54.000000 0.093577
