0.000000 0.124871
0.250000 0.172655
0.500000 0.172655
0.750000 0.172655
1.000000 0.172655
1.250000 0.172655
1.500000 0.172655
1.750000 0.172655
2.000000 0.172655
2.250000 0.172655
2.500000 0.172655
2.750000 0.172655
3.000000 0.172655
3.250000 0.172655
3.500000 0.172655
3.750000 0.172655
4.000000 0.172655
4.250000 0.172655
4.500000 0.172655
4.750000 0.172655
5.000000 0.172655
5.250000 0.172655
5.500000 0.172655
5.750000 0.172655
6.000000 0.172655
6.250000 0.172655
6.500000 0.172655
6.750000 0.172655
7.000000 0.172655
7.250000 0.172655
7.500000 0.172655
7.750000 0.172655
8.000000 0.172655
8.250000 0.172655
8.500000 0.172655
8.750000 0.172655
9.000000 0.172655
9.250000 0.172655
9.500000 0.172655
9.750000 0.172655
10.000000 0.172655
10.250000 0.172655
10.500000 0.172655
10.750000 0.172655
11.000000 0.172655
11.250000 0.172655
11.500000 0.172655
11.750000 0.172655
12.000000 0.172655
12.250000 0.172655
12.500000 0.172655
12.750000 0.172655
13.000000 0.172655
13.250000 0.172655
13.500000 0.172655
13.750000 0.172655
14.000000 0.172655
14.250000 0.172655
14.500000 0.172655
14.750000 0.172655
15.000000 0.172655
15.250000 0.172655
15.500000 0.172655
15.750000 0.172655
16.000000 0.172655
16.250000 0.172655
16.500000 0.172655
16.750000 0.172655
17.000000 0.172655
17.250000 0.172655
17.500000 0.172655
17.750000 0.172655
18.000000 0.172655
18.250000 0.172655
18.500000 0.172655
18.750000 0.172655
19.000000 0.172655
19.250000 0.172655
19.500000 0.172655
