0.000000 0.124871
0.250000 0.159173
0.500000 0.159173
0.750000 0.159173
1.000000 0.159173
1.250000 0.159173
1.500000 0.159173
1.750000 0.159173
2.000000 0.159173
2.250000 0.159173
2.500000 0.159173
2.750000 0.159173
3.000000 0.159173
3.250000 0.159173
3.500000 0.159173
3.750000 0.159173
4.000000 0.159173
4.250000 0.159173
4.500000 0.159173
4.750000 0.159173
5.000000 0.159173
5.250000 0.159173
5.500000 0.159173
5.750000 0.159173
6.000000 0.159173
6.250000 0.159173
6.500000 0.159173
6.750000 0.159173
7.000000 0.159173
7.250000 0.159173
7.500000 0.159173
7.750000 0.159173
8.000000 0.159173
8.250000 0.159173
8.500000 0.159173
8.750000 0.159173
9.000000 0.159173
9.250000 0.159173
9.500000 0.159173
9.750000 0.159173
10.000000 0.159173
10.250000 0.159173
10.500000 0.159173
10.750000 0.159173
11.000000 0.159173
11.250000 0.159173
11.500000 0.159173
11.750000 0.159173
12.000000 0.159173
12.250000 0.159173
12.500000 0.159173
12.750000 0.159173
13.000000 0.159173
13.250000 0.159173
13.500000 0.159173
13.750000 0.159173
14.000000 0.159173
