0.000000 0.000000
0.250000 0.149350
0.500000 0.149350
0.750000 0.149350
1.000000 0.149350
1.250000 0.149350
1.500000 0.149350
1.750000 0.149350
2.000000 0.149350
2.250000 0.149350
2.500000 0.149350
2.750000 0.149350
3.000000 0.149350
3.250000 0.149350
3.500000 0.149350
3.750000 0.149350
4.000000 0.149350
4.250000 0.149350
4.500000 0.149350
4.750000 0.149350
5.000000 0.149350
5.250000 0.149350
5.500000 0.149350
5.750000 0.149350
6.000000 0.149350
6.250000 0.149350
6.500000 0.149350
6.750000 0.149350
7.000000 0.149350
7.250000 0.149350
7.500000 0.149350
7.750000 0.149350
8.000000 0.149350
8.250000 0.149350
8.500000 0.149350
8.750000 0.149350
9.000000 0.149350
9.250000 0.149350
9.500000 0.149350
9.750000 0.149350
10.000000 0.149350
10.250000 0.149350
10.500000 0.149350
10.750000 0.149350
11.000000 0.149350
11.250000 0.149350
11.500000 0.149350
11.750000 0.149350
12.000000 0.149350
12.250000 0.149350
12.500000 0.149350
12.750000 0.149350
13.000000 0.149350
13.250000 0.149350
13.500000 0.149350
13.750000 0.149350
14.000000 0.149350
14.250000 0.149350
14.500000 0.149350
14.750000 0.149350
15.000000 0.149350
15.250000 0.149350
15.500000 0.149350
15.750000 0.149350
16.000000 0.149350
16.250000 0.149350
16.500000 0.149350
16.750000 0.149350
17.000000 0.149350
17.250000 0.149350
17.500000 0.149350
17.750000 0.149350
18.000000 0.149350
18.250000 0.149350
18.500000 0.149350
18.750000 0.149350
19.000000 0.149350
19.250000 0.149350
19.500000 0.149350
19.750000 0.149350
20.000000 0.149350
20.250000 0.149350
20.500000 0.149350
20.750000 0.149350
21.000000 0.149350
21.250000 0.149350
21.500000 0.149350
21.750000 0.149350
22.000000 0.149350
22.250000 0.149350
22.500000 0.149350
22.750000 0.149350
23.000000 0.149350
23.250000 0.149350
23.500000 0.149350
23.750000 0.149350
24.000000 0.149350
24.250000 0.149350
24.500000 0.149350
24.750000 0.149350
25.000000 0.149350
25.250000 0.149350
25.500000 0.149350
25.750000 0.149350
26.000000 0.149350
26.250000 0.149350
26.500000 0.149350
26.750000 0.149350
27.000000 0.149350
27.250000 0.149350
27.500000 0.149350
27.750000 0.149350
28.000000 0.149350
28.250000 0.149350
28.500000 0.149350
28.750000 0.149350
29.000000 0.149350
29.250000 0.149350
29.500000 0.149350
29.750000 0.149350
30.000000 0.149350
30.250000 0.149350
30.500000 0.149350
30.750000 0.149350
31.000000 0.149350
31.250000 0.149350
31.500000 0.149350
31.750000 0.149350
