0.000000 0.000000
0.250000 1.297522
0.500000 1.297522
0.750000 1.297522
1.000000 1.297522
1.250000 1.297522
1.500000 1.297522
1.750000 1.297522
2.000000 1.297522
2.250000 1.297522
2.500000 1.297522
2.750000 1.297522
3.000000 1.297522
3.250000 1.297522
3.500000 1.297522
3.750000 1.297522
4.000000 1.297522
4.250000 1.297522
4.500000 1.297522
4.750000 1.297522
5.000000 1.297522
5.250000 1.297522
5.500000 1.297522
5.750000 1.297522
6.000000 1.297522
6.250000 1.297522
6.500000 1.297522
6.750000 1.297522
7.000000 1.297522
7.250000 1.297522
7.500000 1.297522
7.750000 1.297522
8.000000 1.297522
8.250000 1.297522
8.500000 1.297522
8.750000 1.297522
9.000000 1.297522
9.250000 1.297522
9.500000 1.297522
9.750000 1.297522
10.000000 1.297522
10.250000 1.297522
10.500000 1.297522
10.750000 1.297522
11.000000 1.297522
11.250000 1.297522
11.500000 1.297522
11.750000 1.297522
12.000000 1.297522
12.250000 1.297522
12.500000 1.297522
12.750000 1.297522
