0.000000 0.000000
0.250000 6.036634
0.500000 6.183615
0.750000 9.814104
1.000000 9.996442
1.250000 10.179419
1.500000 10.363036
1.750000 10.546013
2.000000 10.729502
2.250000 10.912223
2.500000 11.095072
2.750000 11.277281
3.000000 11.461154
3.250000 11.644003
3.500000 11.826980
3.750000 12.009957
4.000000 12.193062
4.250000 12.375911
4.500000 12.559016
4.750000 12.742121
5.000000 12.924842
5.250000 13.107819
5.500000 13.290668
5.750000 13.473005
6.000000 13.656750
6.250000 13.839983
6.500000 14.022704
6.750000 14.205809
7.000000 14.388018
7.250000 14.572147
7.500000 14.754612
7.750000 14.936949
8.000000 15.120566
8.250000 15.303543
8.500000 15.486648
8.750000 15.669625
9.000000 15.852474
9.250000 16.035835
9.500000 16.218556
9.750000 16.401405
10.000000 16.584382
10.250000 16.767743
10.500000 16.950464
10.750000 17.133441
11.000000 17.316290
11.250000 17.498627
11.500000 17.682884
11.750000 17.865349
12.000000 18.048326
12.250000 18.231047
12.500000 18.414408
12.750000 18.597129
13.000000 18.780362
13.250000 18.963339
13.500000 19.146188
13.750000 19.329293
14.000000 19.512014
14.250000 19.695503
14.500000 19.877968
14.750000 20.061073
15.000000 20.243922
15.250000 20.426899
15.500000 20.610132
15.750000 20.792981
16.000000 20.975446
16.250000 21.158807
16.500000 21.341784
16.750000 21.524889
17.000000 21.707738
17.250000 21.890587
17.500000 22.073564
17.750000 22.255901
18.000000 22.440030
18.250000 22.622623
18.500000 22.805728
18.750000 22.988065
19.000000 23.171938
19.250000 23.354403
19.500000 23.537508
19.750000 23.720613
20.000000 23.902694
20.250000 24.085671
20.500000 24.269544
20.750000 24.452393
21.000000 24.635626
21.250000 24.818987
21.500000 25.001708
21.750000 25.184173
22.000000 25.366638
22.250000 25.550511
22.500000 25.732592
22.750000 25.916593
23.000000 26.099442
23.250000 26.281523
23.500000 26.464372
23.750000 26.648117
24.000000 26.831094
24.250000 27.014071
24.500000 27.197048
24.750000 27.380025
25.000000 27.563002
25.250000 27.745979
25.500000 27.929084
25.750000 28.112061
26.000000 28.295038
26.250000 28.478015
26.500000 28.660992
26.750000 28.843969
27.000000 29.026818
27.250000 29.209923
27.500000 29.392772
27.750000 29.575749
28.000000 29.758982
28.250000 29.941703
28.500000 30.124808
28.750000 30.307017
29.000000 30.490762
29.250000 30.672843
29.500000 30.856460
29.750000 31.039053
30.000000 31.222542
30.250000 31.405775
30.500000 31.587728
30.750000 31.771473
31.000000 31.954450
31.250000 32.137555
31.500000 32.320404
31.750000 32.503381
32.000000 32.686742
32.250000 32.869335
32.500000 33.052568
32.750000 33.235289
33.000000 33.418266
33.250000 33.601371
33.500000 33.784348
33.750000 33.966429
34.000000 34.150174
34.250000 34.333151
34.500000 34.516128
34.750000 34.699105
35.000000 34.882082
35.250000 35.065059
35.500000 35.248036
35.750000 35.431013
36.000000 35.613990
36.250000 35.796967
36.500000 35.979816
36.750000 36.162921
37.000000 36.345898
37.250000 36.529003
37.500000 36.711724
37.750000 36.894829
38.000000 37.077806
38.250000 37.260911
38.500000 37.444016
38.750000 37.626737
39.000000 37.809842
39.250000 37.992691
39.500000 38.175668
39.750000 38.358645
40.000000 38.542134
40.250000 38.724727
40.500000 38.907704
40.750000 39.090553
41.000000 39.273786
41.250000 39.456507
41.500000 39.639612
41.750000 39.822333
42.000000 40.004542
42.250000 40.188287
42.500000 40.371392
42.750000 40.554369
43.000000 40.737346
43.250000 40.920323
43.500000 41.103172
43.750000 41.286277
44.000000 41.469126
44.250000 41.652103
44.500000 41.835080
44.750000 42.018185
45.000000 42.200394
45.250000 42.384011
45.500000 42.566988
45.750000 42.749965
46.000000 42.932942
46.250000 43.115919
46.500000 43.298768
46.750000 43.481873
47.000000 43.664722
47.250000 43.847827
47.500000 44.030804
47.750000 44.214037
48.000000 44.396758
48.250000 44.579863
48.500000 44.762968
48.750000 44.945817
49.000000 45.128922
49.250000 45.311643
49.500000 45.494876
49.750000 45.677853
50.000000 45.860574
50.250000 46.043679
50.500000 46.226656
50.750000 46.409633
51.000000 46.592866
51.250000 46.775587
51.500000 46.958564
51.750000 47.140773
52.000000 47.324390
52.250000 47.507367
52.500000 47.689576
52.750000 47.873321
53.000000 48.056426
53.250000 48.239147
53.500000 48.422252
53.750000 48.605229
54.000000 48.788462
