0.000000 0.000000
0.250000 0.056094
0.500000 0.056094
0.750000 0.056094
1.000000 0.056094
1.250000 0.056094
1.500000 0.056094
1.750000 0.056094
2.000000 0.056094
2.250000 0.056094
2.500000 0.056094
2.750000 0.056094
3.000000 0.056094
3.250000 0.056094
3.500000 0.056094
3.750000 0.056094
4.000000 0.056094
4.250000 0.056094
4.500000 0.056094
4.750000 0.056094
5.000000 0.056094
5.250000 0.056094
5.500000 0.056094
5.750000 0.056094
6.000000 0.056094
6.250000 0.056094
6.500000 0.056094
6.750000 0.056094
7.000000 0.056094
7.250000 0.056094
7.500000 0.056094
7.750000 0.056094
8.000000 0.056094
8.250000 0.056094
8.500000 0.056094
8.750000 0.056094
9.000000 0.056094
9.250000 0.056094
9.500000 0.056094
9.750000 0.056094
10.000000 0.056094
10.250000 0.056094
10.500000 0.056094
10.750000 0.056094
11.000000 0.056094
11.250000 0.056094
11.500000 0.056094
11.750000 0.056094
12.000000 0.056094
12.250000 0.056094
12.500000 0.056094
12.750000 0.056094
13.000000 0.056094
13.250000 0.056094
13.500000 0.056094
13.750000 0.056094
14.000000 0.056094
14.250000 0.056094
14.500000 0.056094
14.750000 0.056094
15.000000 0.056094
15.250000 0.056094
15.500000 0.056094
15.750000 0.056094
16.000000 0.056094
16.250000 0.056094
16.500000 0.056094
16.750000 0.056094
17.000000 0.056094
17.250000 0.056094
17.500000 0.056094
17.750000 0.056094
18.000000 0.056094
18.250000 0.056094
18.500000 0.056094
18.750000 0.056094
19.000000 0.056094
19.250000 0.056094
19.500000 0.056094
19.750000 0.056094
20.000000 0.056094
20.250000 0.056094
20.500000 0.056094
20.750000 0.056094
21.000000 0.056094
21.250000 0.056094
21.500000 0.056094
21.750000 0.056094
22.000000 0.056094
22.250000 0.056094
22.500000 0.056094
22.750000 0.056094
23.000000 0.056094
23.250000 0.056094
23.500000 0.056094
23.750000 0.056094
24.000000 0.056094
24.250000 0.056094
24.500000 0.056094
24.750000 0.056094
25.000000 0.056094
25.250000 0.056094
25.500000 0.056094
25.750000 0.056094
26.000000 0.056094
26.250000 0.056094
26.500000 0.056094
26.750000 0.056094
27.000000 0.056094
27.250000 0.056094
27.500000 0.056094
27.750000 0.056094
28.000000 0.056094
28.250000 0.056094
28.500000 0.056094
28.750000 0.056094
29.000000 0.056094
29.250000 0.056094
29.500000 0.056094
29.750000 0.056094
30.000000 0.056094
30.250000 0.056094
30.500000 0.056094
30.750000 0.056094
31.000000 0.056094
31.250000 0.056094
31.500000 0.056094
31.750000 0.056094
32.000000 0.056094
32.250000 0.056094
32.500000 0.056094
32.750000 0.056094
33.000000 0.056094
33.250000 0.056094
33.500000 0.056094
33.750000 0.056094
34.000000 0.056094
34.250000 0.056094
34.500000 0.056094
34.750000 0.056094
35.000000 0.056094
35.250000 0.056094
35.500000 0.056094
35.750000 0.056094
36.000000 0.056094
36.250000 0.056094
36.500000 0.056094
36.750000 0.056094
37.000000 0.056094
37.250000 0.056094
37.500000 0.056094
37.750000 0.056094
38.000000 0.056094
38.250000 0.056094
38.500000 0.056094
38.750000 0.056094
39.000000 0.056094
39.250000 0.056094
39.500000 0.056094
39.750000 0.056094
40.000000 0.056094
40.250000 0.056094
40.500000 0.056094
40.750000 0.056094
41.000000 0.056094
41.250000 0.056094
41.500000 0.056094
41.750000 0.056094
42.000000 0.056094
42.250000 0.056094
42.500000 0.056094
42.750000 0.056094
43.000000 0.056094
43.250000 0.056094
43.500000 0.056094
43.750000 0.056094
44.000000 0.056094
44.250000 0.056094
44.500000 0.056094
44.750000 0.056094
45.000000 0.056094
45.250000 0.056094
45.500000 0.056094
45.750000 0.056094
46.000000 0.056094
46.250000 0.056094
46.500000 0.056094
46.750000 0.056094
47.000000 0.056094
47.250000 0.056094
47.500000 0.056094
47.750000 0.056094
48.000000 0.056094
48.250000 0.056094
48.500000 0.056094
48.750000 0.056094
49.000000 0.056094
49.250000 0.056094
49.500000 0.056094
49.750000 0.056094
50.000000 0.056094
50.250000 0.056094
50.500000 0.056094
50.750000 0.056094
51.000000 0.056094
51.250000 0.056094
51.500000 0.056094
51.750000 0.056094
52.000000 0.056094
52.250000 0.056094
52.500000 0.056094
52.750000 0.056094
53.000000 0.056094
53.250000 0.056094
53.500000 0.056094
53.750000 0.056094
54.000000 0.056094
