0.201650 0.125455
1.824718 0.280512
3.840077 9.021267
5.842500 11.183769
7.844167 24.422349
9.859536 28.876880
11.857975 26.524856
13.857991 26.646286
15.858594 26.788855
17.862486 27.664378
19.858648 27.031715
21.859817 27.153069
23.870669 28.019467
25.871448 27.386728
27.875870 27.481149
29.874767 28.329700
31.894344 27.696961
33.896503 28.121041
35.902645 27.890747
37.909271 28.750070
39.910974 28.103902
41.910779 28.938987
43.921370 28.298147
45.925760 28.392568
47.924665 28.491785
49.926361 28.816301
51.926209 28.667388
53.933322 28.770144
55.930505 29.195094
57.928256 29.746728
59.931715 29.105328
61.943358 29.186319
63.942085 29.280816
65.943441 30.115901
67.942934 29.456190
69.943349 29.550763
71.945017 29.604745
73.946462 29.604745
76.453556 29.604745
77.955364 29.604745
79.956101 29.604745
81.963736 29.604745
