0.000115 30.281493
1.797355 38.892570
3.791291 22.098226
5.805101 17.663873
7.799319 11.948830
9.797528 14.170773
11.794352 14.058435
13.795660 12.923819
15.794597 12.959418
17.801600 12.437944
19.802884 13.324765
21.795467 12.279159
23.797613 11.632630
25.798067 12.589106
27.801079 12.267493
29.803737 12.376513
31.803222 12.143949
33.812201 11.563995
35.816423 11.547461
37.789956 12.180989
39.812441 11.447948
41.799710 11.650108
43.830063 11.644658
45.828954 11.303769
47.838551 11.490196
49.842715 11.730235
51.841812 11.129955
53.844908 11.892637
55.841103 11.267335
57.836437 11.935972
59.840385 11.327924
61.845696 4.036483
