0.000000 0.000000
0.250000 0.136040
0.500000 0.136040
0.750000 0.136040
1.000000 0.136040
1.250000 0.136040
1.500000 0.136040
1.750000 0.136040
2.000000 0.136040
2.250000 0.136040
2.500000 0.136040
2.750000 0.136040
3.000000 0.136040
3.250000 0.136040
3.500000 0.136040
3.750000 0.136040
4.000000 0.136040
4.250000 0.136040
4.500000 0.136040
4.750000 0.136040
5.000000 0.136040
5.250000 0.136040
5.500000 0.136040
5.750000 0.136040
6.000000 0.136040
6.250000 0.136040
6.500000 0.136040
6.750000 0.136040
7.000000 0.136040
7.250000 0.136040
7.500000 0.136040
7.750000 0.136040
8.000000 0.136040
8.250000 0.136040
8.500000 0.136040
8.750000 0.136040
9.000000 0.136040
9.250000 0.136040
9.500000 0.136040
9.750000 0.136040
10.000000 0.136040
10.250000 0.136040
10.500000 0.136040
10.750000 0.136040
11.000000 0.136040
11.250000 0.136040
11.500000 0.136040
11.750000 0.136040
12.000000 0.136040
12.250000 0.136040
12.500000 0.136040
12.750000 0.136040
13.000000 0.136040
13.250000 0.136040
13.500000 0.136040
13.750000 0.136040
14.000000 0.136040
14.250000 0.136040
14.500000 0.136040
14.750000 0.136040
15.000000 0.136040
15.250000 0.136040
15.500000 0.136040
15.750000 0.136040
16.000000 0.136040
16.250000 0.136040
16.500000 0.136040
16.750000 0.136040
17.000000 0.136040
17.250000 0.136040
17.500000 0.136040
17.750000 0.136040
18.000000 0.136040
18.250000 0.136040
18.500000 0.136040
18.750000 0.136040
19.000000 0.136040
19.250000 0.136040
19.500000 0.136040
19.750000 0.136040
20.000000 0.136040
20.250000 0.136040
20.500000 0.136040
20.750000 0.136040
21.000000 0.136040
21.250000 0.136040
21.500000 0.136040
21.750000 0.136040
22.000000 0.136040
22.250000 0.136040
22.500000 0.136040
22.750000 0.136040
23.000000 0.136040
23.250000 0.136040
23.500000 0.136040
23.750000 0.136040
24.000000 0.136040
24.250000 0.136040
24.500000 0.136040
24.750000 0.136040
25.000000 0.136040
25.250000 0.136040
25.500000 0.136040
25.750000 0.136040
26.000000 0.136040
26.250000 0.136040
26.500000 0.136040
26.750000 0.136040
27.000000 0.136040
27.250000 0.136040
27.500000 0.136040
27.750000 0.136040
28.000000 0.136040
28.250000 0.136040
28.500000 0.136040
28.750000 0.136040
29.000000 0.136040
29.250000 0.136040
29.500000 0.136040
29.750000 0.136040
30.000000 0.136040
30.250000 0.136040
30.500000 0.136040
30.750000 0.136040
31.000000 0.136040
31.250000 0.136040
31.500000 0.136040
31.750000 0.136040
