0.124743 0.663820
5.442248 0.417710
5.592951 0.240712
14.236187 0.203836
14.545014 0.204054
14.853511 0.203034
15.163558 0.205337
15.470127 0.199539
15.785604 0.207440
16.089065 0.217370
16.378663 0.197473
16.697440 0.188780
17.030897 0.188174
17.365429 0.182442
17.710469 0.254789
17.957537 0.173556
18.320243 0.205434
18.626668 0.196065
18.947735 0.219728
19.234226 0.189705
19.566056 0.197842
19.884239 0.188097
20.218907 0.200328
20.533142 0.202885
20.843416 0.184215
21.185136 0.187451
21.520958 0.189825
21.852580 0.213773
22.147051 0.207379
22.450602 0.188735
22.784139 0.220107
23.070136 0.199355
23.385904 0.225915
23.664549 0.187229
24.000768 0.177215
24.355987 0.188310
24.690276 0.191266
25.019399 0.230433
25.292581 0.192572
25.619472 0.182456
25.964487 0.235373
26.231935 0.185999
26.570379 0.165562
26.950598 0.171631
27.317372 0.164060
27.701074 0.152471
28.113939 0.173349
28.477078 0.176126
28.834493 0.155747
29.238674 0.171975
29.604715 0.197459
29.923515 0.214728
30.216677 0.226344
30.494793 0.156192
30.897823 0.178350
31.250780 0.200368
31.564952 0.176842
31.920919 0.194383
32.244764 0.176366
32.601693 0.155546
33.006397 0.186013
33.344814 0.181163
33.692291 0.194145
34.016533 0.162238
34.404543 0.165863
34.784073 0.170674
35.152904 0.166920
35.530031 0.159630
35.924380 0.150704
36.342085 0.173314
36.705298 0.181407
37.052308 0.172609
37.417005 0.164367
37.799989 0.179968
38.149773 0.164745
38.531880 0.162826
38.918489 0.167972
39.293254 0.154756
39.700022 0.166246
40.078678 0.170878
40.447070 0.166816
40.824432 0.150726
41.242078 0.142201
41.684762 0.159933
42.078363 0.156075
42.481695 0.170121
42.851726 0.181984
43.197636 0.144969
43.631865 0.167948
44.006683 0.203249
44.316402 0.151314
44.732424 0.152503
45.145204 0.152254
45.558656 0.199902
45.873561 0.149529
46.294550 0.135762
46.758230 0.157643
47.157549 0.164224
47.540866 0.177502
47.895509 0.136422
48.356943 0.150194
48.776067 0.136306
49.237895 0.140035
49.687427 0.142085
50.130472 0.141938
50.573976 0.145874
51.005512 0.160221
51.398406 0.138034
51.854453 0.148391
52.278672 0.138788
52.732240 0.133255
53.204642 0.139875
53.654687 0.141387
54.099919 0.135139
54.565735 0.141178
55.011625 0.139905
55.461573 0.202493
55.772448 0.138377
56.227364 0.129543
56.713302 0.153526
57.123329 0.142970
57.563631 0.137863
58.020244 0.132130
58.496668 0.138813
58.950157 0.132346
59.425803 0.135214
59.891360 0.167253
60.267737 0.183398
60.610980 0.152431
61.023953 0.129148
61.511378 0.130714
61.992963 0.132171
62.469241 0.163006
62.855424 0.136962
63.315040 0.143279
63.754394 0.172999
64.118269 0.145161
64.551926 0.129220
65.039082 0.133052
65.512203 0.141481
65.957140 0.141726
66.401308 0.132737
66.875554 0.130962
67.356227 0.137756
67.813194 0.136460
68.274500 0.134746
68.741674 0.131614
69.219967 0.135817
69.683459 0.125356
70.185627 0.126927
70.681581 0.133638
71.152630 0.176330
71.509630 0.134649
71.977143 0.143250
72.416583 0.128199
72.907619 0.140975
73.354152 0.131791
73.831803 0.132554
74.306702 0.117523
74.842343 0.142807
75.283149 0.134725
75.750398 0.143244
76.189858 0.127570
76.683310 0.146663
77.112524 0.138927
77.565641 0.149186
77.987596 0.140477
78.435712 0.133430
78.907495 0.124229
79.414220 0.162807
79.800875 0.142660
80.242133 0.161285
80.632437 0.148145
81.057358 0.133398
81.529255 0.133109
82.002176 0.125976
82.501876 0.136905
82.961682 0.183475
83.304780 0.128745
83.793733 0.132596
84.268482 0.126312
84.766851 0.122538
85.280569 0.125986
85.780227 0.131064
86.260528 0.151406
86.676297 0.127924
87.168387 0.121735
87.685493 0.130867
88.166517 0.117185
88.703700 0.128727
89.192719 0.138181
89.648281 0.131297
90.127730 0.119328
90.655268 0.121581
91.173028 0.123615
91.682269 0.119778
92.207826 0.117495
92.743596 0.053829
93.913049 0.141342
94.358423 0.145127
94.792180 0.142057
95.235311 0.134137
95.704608 0.127051
96.200076 0.134974
96.666463 0.145095
97.100318 0.122770
97.613066 0.135197
98.078682 0.122493
98.592591 0.122678
99.105724 0.126451
99.603546 0.121916
100.119884 0.126841
100.616174 0.010974
106.352283 0.040032
107.924777 0.077932
108.732533 0.131906
109.209767 0.138455
109.664427 0.136962
110.124044 0.147482
110.550876 0.125547
111.052282 0.132710
111.526625 0.129089
112.014274 0.134020
112.483981 0.126439
112.981850 0.128688
113.471018 0.128909
113.959347 0.127846
114.451736 0.121013
114.971927 0.127138
115.467059 0.115883
