0.266882 0.104808
1.831042 0.087730
3.839396 0.000000
5.850656 0.000000
7.854439 0.000000
9.847116 0.279892
11.871514 0.460598
13.858857 0.442142
15.869944 0.444866
17.868719 0.446444
19.860426 0.442262
21.870968 0.438124
23.873930 0.389658
25.886723 0.354092
27.889925 0.345902
29.889303 0.431868
31.916342 0.303602
33.914234 0.345447
35.916245 0.347040
37.909069 0.342011
39.931196 0.348077
41.918083 0.342021
43.940151 0.344927
45.929303 0.296342
47.948154 0.298239
49.935794 0.343455
51.949421 0.345357
53.951956 0.297871
55.942051 0.348240
57.928008 0.339737
59.947542 0.296120
61.967901 0.347335
63.959031 0.296384
65.959110 0.348726
67.942301 0.293192
69.964153 0.197859
