0.052296 0.062946
5.441303 0.033556
5.592535 0.019521
14.224447 0.013788
14.552847 0.012103
14.861515 0.014288
15.154583 0.012863
15.466470 0.013302
15.778840 0.015356
16.090144 0.015644
16.376222 0.011384
16.705536 0.014114
17.027533 0.011824
17.364412 0.011847
17.712369 0.020090
17.966570 0.010397
18.313319 0.013302
18.639388 0.017428
18.944620 0.018960
19.225156 0.015569
19.556968 0.013335
19.878952 0.012549
20.219692 0.016648
20.532595 0.010932
20.856729 0.011886
21.201901 0.012788
21.532987 0.013159
21.861285 0.017229
22.144494 0.011061
22.467055 0.012322
22.783602 0.016410
23.076426 0.015192
23.401431 0.013307
23.676233 0.016671
24.014786 0.012134
24.347110 0.012919
24.686950 0.012086
25.014248 0.023266
25.290072 0.011674
25.618683 0.012560
25.961405 0.017407
26.232173 0.013044
26.564937 0.012257
26.948981 0.015464
27.331649 0.012661
27.711565 0.009877
28.123698 0.017012
28.490042 0.014940
28.841759 0.010762
29.232536 0.010910
29.612165 0.033556
29.944088 0.022416
30.209036 0.017577
30.512145 0.011764
30.883296 0.014343
31.259435 0.020512
31.571630 0.017035
31.934048 0.016248
32.244792 0.015324
32.605762 0.014686
32.992456 0.016909
33.337787 0.012912
33.685793 0.014148
34.016977 0.012616
34.406248 0.013192
34.784251 0.013292
35.138665 0.012114
35.542122 0.012138
35.936501 0.011406
36.342971 0.011866
36.730916 0.012593
37.055438 0.011461
37.417795 0.013023
37.796748 0.013288
38.171201 0.015702
38.531803 0.013100
38.918725 0.014583
39.301881 0.012175
39.690254 0.012353
40.077735 0.013597
40.455614 0.014620
40.819178 0.013414
41.258612 0.012219
41.682623 0.011716
42.078216 0.012546
42.488308 0.016832
42.865729 0.019934
43.204407 0.012192
43.629137 0.018059
43.999412 0.019836
44.328443 0.012964
44.721083 0.011517
45.145100 0.011653
45.556568 0.020245
45.871430 0.013830
46.302322 0.010372
46.762188 0.014364
47.151448 0.016752
47.530284 0.013132
47.915828 0.013335
48.341991 0.013085
48.786685 0.015480
49.231210 0.012320
49.687475 0.012499
50.126809 0.011197
50.568487 0.012982
51.003672 0.019885
51.406920 0.013365
51.860647 0.012543
52.276135 0.013464
52.745588 0.011784
53.222800 0.029529
53.653179 0.011224
54.096139 0.013198
54.555012 0.012255
55.002785 0.014114
55.450099 0.021793
55.769975 0.013463
56.225151 0.012881
56.706120 0.018335
57.117069 0.012400
57.585263 0.012219
58.028716 0.012238
58.506179 0.012725
58.952961 0.012649
59.432482 0.012660
59.890173 0.019198
60.266551 0.019250
60.625659 0.012483
61.026682 0.012903
61.500602 0.012026
61.987628 0.010733
62.473021 0.013969
62.865427 0.011175
63.315669 0.015983
63.748129 0.035675
64.116663 0.015205
64.567736 0.011583
65.043945 0.012926
65.520272 0.015694
65.952812 0.013086
66.418640 0.014757
66.889579 0.012182
67.356832 0.012771
67.809412 0.013116
68.268993 0.013541
68.732579 0.012179
69.225187 0.011998
69.692979 0.010373
70.201807 0.011595
70.701845 0.012965
71.160740 0.020450
71.509826 0.011938
71.968493 0.014981
72.422167 0.011977
72.904668 0.030616
73.351812 0.013813
73.816017 0.014264
74.317580 0.012401
74.829258 0.013821
75.281981 0.018098
75.740775 0.016770
76.187552 0.012547
76.698442 0.015297
77.108750 0.016627
77.577844 0.018975
77.982432 0.014625
78.442855 0.014679
78.904548 0.011639
79.419655 0.018495
79.803698 0.013231
80.232899 0.018962
80.635652 0.014345
81.056372 0.012508
81.540529 0.011738
82.013928 0.013159
82.497036 0.013098
82.969259 0.023785
83.303667 0.011100
83.786068 0.011192
84.269265 0.012201
84.756889 0.014849
85.275287 0.012415
85.774285 0.014059
86.254438 0.019042
86.671852 0.016492
87.168708 0.011584
87.677348 0.012851
88.176135 0.010607
88.701156 0.011538
89.189805 0.014134
89.662528 0.012449
90.138327 0.013023
90.665956 0.014595
91.159673 0.013012
91.676573 0.014969
92.210026 0.012070
92.741607 0.005217
93.911512 0.011705
94.356316 0.012932
94.794813 0.013210
95.244604 0.015169
95.697446 0.014293
96.197846 0.013144
96.671444 0.014671
97.096318 0.012697
97.610314 0.011625
98.076864 0.011571
98.595662 0.013441
99.107929 0.012830
99.607120 0.011011
100.119469 0.012634
100.629363 0.001225
106.363271 0.019246
107.899191 0.007267
108.740242 0.011049
109.211699 0.010116
109.666093 0.016920
110.118837 0.015226
110.554634 0.010571
111.052536 0.012442
111.536852 0.011388
111.990680 0.011997
112.486982 0.013916
112.973846 0.012270
113.463838 0.034729
113.944440 0.014579
114.449733 0.011539
114.964272 0.011142
115.481127 0.013033
