0.367839 0.083658
5.435298 0.124143
5.592125 0.002251
14.221402 0.056980
14.554971 0.064060
14.858167 0.066235
15.151417 0.061893
15.465241 0.061213
15.782548 0.061292
16.096521 0.071529
16.368056 0.057926
16.703371 0.060758
17.023042 0.057539
17.360598 0.056736
17.702942 0.074586
17.963358 0.056139
18.309334 0.059641
18.634994 0.063347
18.941611 0.068899
19.223522 0.058283
19.554621 0.060074
19.877944 0.057979
20.212950 0.061496
20.528799 0.060558
20.849527 0.056429
21.193736 0.057768
21.529966 0.057720
21.866462 0.070865
22.140550 0.059319
22.463303 0.061394
22.779666 0.066494
23.071763 0.059891
23.396061 0.069462
23.673146 0.057507
24.010890 0.058315
24.343968 0.056430
24.688168 0.060567
25.008849 0.069943
25.286550 0.059085
25.615283 0.056609
25.958398 0.071800
26.228920 0.058241
26.562420 0.050770
26.944986 0.050845
27.326984 0.050945
27.708243 0.047234
28.119446 0.052870
28.486813 0.055208
28.838624 0.050046
29.226725 0.050917
29.608198 0.059486
29.934719 0.070859
30.208823 0.064830
30.508415 0.051349
30.886666 0.052770
31.254729 0.063180
31.562156 0.052111
31.934871 0.063614
32.240191 0.053232
32.605060 0.050563
32.989201 0.054018
33.346645 0.057479
33.682369 0.058817
34.012594 0.049704
34.402275 0.051281
34.781023 0.054852
35.135127 0.048734
35.533672 0.048712
35.932402 0.047728
36.339344 0.049817
36.729225 0.059849
37.053751 0.053889
37.414169 0.051286
37.792884 0.051575
38.164622 0.053399
38.524660 0.049738
38.915163 0.050818
39.297376 0.049530
39.689514 0.049992
40.074295 0.051391
40.452231 0.053365
40.816205 0.044320
41.254442 0.045713
41.679326 0.049133
42.074635 0.047328
42.485024 0.051492
42.862222 0.054314
43.219823 0.047895
43.625352 0.051440
43.995356 0.058955
44.324818 0.047708
44.731935 0.046563
45.149067 0.048256
45.551556 0.062780
45.859477 0.044297
46.297955 0.041155
46.769901 0.052026
47.139710 0.050101
47.527384 0.052125
47.899999 0.044063
48.337326 0.044333
48.775430 0.041876
49.232539 0.043316
49.680934 0.043533
50.127105 0.044912
50.559569 0.044367
50.997359 0.046783
51.403990 0.042668
51.859206 0.046777
52.274440 0.041438
52.743152 0.040923
53.217763 0.045015
53.649237 0.043833
54.092359 0.042343
54.551062 0.043361
54.998994 0.043000
55.450680 0.061377
55.767128 0.042558
56.223511 0.040124
56.707579 0.047195
57.119119 0.042311
57.578164 0.043539
58.024259 0.040300
58.501700 0.043438
58.948837 0.039775
59.437153 0.043396
59.884741 0.051425
60.262442 0.052493
60.632444 0.051061
61.012836 0.040218
61.495788 0.039875
61.982896 0.040799
62.458955 0.046994
62.872257 0.044377
63.309931 0.044761
63.743868 0.052605
64.113089 0.043133
64.563398 0.041149
65.035403 0.037934
65.538623 0.047291
65.949327 0.041882
66.413090 0.041221
66.880083 0.041062
67.353105 0.043308
67.801602 0.041986
68.264219 0.041298
68.734527 0.039609
69.224887 0.041781
69.689754 0.038285
70.197076 0.038752
70.698284 0.041447
71.156571 0.052164
71.528910 0.044633
71.964072 0.042904
72.416774 0.040132
72.900747 0.043322
73.343828 0.041222
73.815000 0.038875
74.314622 0.037963
74.826262 0.042925
75.278756 0.042332
75.737589 0.043285
76.186309 0.038618
76.689249 0.046749
77.104719 0.042272
77.564185 0.045987
77.984197 0.042890
78.437057 0.041814
78.901562 0.038692
79.400464 0.049754
79.790828 0.044520
80.227093 0.048669
80.626187 0.046702
81.042089 0.039098
81.538880 0.041338
82.008734 0.039195
82.493310 0.040381
82.974290 0.059795
83.299125 0.040194
83.782346 0.040254
84.264870 0.039834
84.752459 0.037378
85.272087 0.039110
85.768720 0.039163
86.257045 0.047405
86.666774 0.039023
87.164501 0.038131
87.673880 0.039006
88.171823 0.036976
88.697101 0.039767
89.185509 0.041069
89.658440 0.040781
90.134709 0.036908
90.660953 0.039158
91.156956 0.037613
91.673344 0.036495
92.205547 0.035888
92.746769 0.016774
93.904690 0.040950
94.376191 0.047288
94.786926 0.042444
95.244531 0.043541
95.690611 0.038523
96.194800 0.039859
96.682087 0.047274
97.092944 0.037806
97.606692 0.042000
98.069137 0.036463
98.601810 0.040343
99.083251 0.037166
99.605860 0.037093
100.129501 0.039419
100.622229 0.003371
106.383743 0.012845
107.895857 0.023018
108.736752 0.040749
109.210634 0.043354
109.658636 0.042119
110.115135 0.044457
110.552027 0.039032
111.049634 0.040484
111.529402 0.040514
112.008812 0.040678
112.486291 0.039779
112.974558 0.039885
113.461230 0.038899
113.960543 0.039957
114.446638 0.037531
114.964149 0.038107
115.473834 0.035610
