0.000000 0.000000
0.250000 0.114080
0.500000 0.114080
0.750000 0.114080
1.000000 0.114080
1.250000 0.114080
1.500000 0.114080
1.750000 0.114080
2.000000 0.114080
2.250000 0.114080
2.500000 0.114080
2.750000 0.114080
3.000000 0.114080
3.250000 0.114080
3.500000 0.114080
3.750000 0.114080
4.000000 0.114080
4.250000 0.114080
4.500000 0.114080
4.750000 0.114080
5.000000 0.114080
5.250000 0.114080
5.500000 0.114080
5.750000 0.114080
6.000000 0.114080
6.250000 0.114080
6.500000 0.114080
6.750000 0.114080
7.000000 0.114080
7.250000 0.114080
7.500000 0.114080
7.750000 0.114080
8.000000 0.114080
8.250000 0.114080
8.500000 0.114080
8.750000 0.114080
9.000000 0.114080
9.250000 0.114080
9.500000 0.114080
9.750000 0.114080
10.000000 0.114080
10.250000 0.114080
10.500000 0.114080
10.750000 0.114080
11.000000 0.114080
11.250000 0.114080
11.500000 0.114080
11.750000 0.114080
12.000000 0.114080
12.250000 0.114080
12.500000 0.114080
12.750000 0.114080
13.000000 0.114080
13.250000 0.114080
13.500000 0.114080
13.750000 0.114080
14.000000 0.114080
14.250000 0.114080
14.500000 0.114080
14.750000 0.114080
15.000000 0.114080
15.250000 0.114080
15.500000 0.114080
15.750000 0.114080
16.000000 0.114080
16.250000 0.114080
16.500000 0.114080
16.750000 0.114080
17.000000 0.114080
17.250000 0.114080
17.500000 0.114080
17.750000 0.114080
18.000000 0.114080
18.250000 0.114080
18.500000 0.114080
18.750000 0.114080
19.000000 0.114080
19.250000 0.114080
19.500000 0.114080
19.750000 0.114080
20.000000 0.114080
20.250000 0.114080
20.500000 0.114080
20.750000 0.114080
21.000000 0.114080
21.250000 0.114080
21.500000 0.114080
21.750000 0.114080
22.000000 0.114080
22.250000 0.114080
22.500000 0.114080
22.750000 0.114080
23.000000 0.114080
23.250000 0.114080
23.500000 0.114080
23.750000 0.114080
24.000000 0.114080
24.250000 0.114080
24.500000 0.114080
24.750000 0.114080
25.000000 0.114080
25.250000 0.114080
25.500000 0.114080
25.750000 0.114080
26.000000 0.114080
26.250000 0.114080
26.500000 0.114080
26.750000 0.114080
27.000000 0.114080
27.250000 0.114080
27.500000 0.114080
27.750000 0.114080
28.000000 0.114080
28.250000 0.114080
28.500000 0.114080
28.750000 0.114080
29.000000 0.114080
29.250000 0.114080
29.500000 0.114080
29.750000 0.114080
30.000000 0.114080
30.250000 0.114080
30.500000 0.114080
30.750000 0.114080
31.000000 0.114080
31.250000 0.114080
31.500000 0.114080
31.750000 0.114080
32.000000 0.114080
32.250000 0.114080
32.500000 0.114080
32.750000 0.114080
33.000000 0.114080
33.250000 0.114080
33.500000 0.114080
33.750000 0.114080
34.000000 0.114080
34.250000 0.114080
34.500000 0.114080
34.750000 0.114080
35.000000 0.114080
35.250000 0.114080
35.500000 0.114080
35.750000 0.114080
36.000000 0.114080
36.250000 0.114080
36.500000 0.114080
36.750000 0.114080
37.000000 0.114080
37.250000 0.114080
37.500000 0.114080
37.750000 0.114080
38.000000 0.114080
38.250000 0.114080
38.500000 0.114080
38.750000 0.114080
39.000000 0.114080
39.250000 0.114080
39.500000 0.114080
39.750000 0.114080
40.000000 0.114080
40.250000 0.114080
40.500000 0.114080
40.750000 0.114080
41.000000 0.114080
41.250000 0.114080
41.500000 0.114080
41.750000 0.114080
42.000000 0.114080
42.250000 0.114080
42.500000 0.114080
42.750000 0.114080
43.000000 0.114080
43.250000 0.114080
43.500000 0.114080
43.750000 0.114080
44.000000 0.114080
44.250000 0.114080
44.500000 0.114080
44.750000 0.114080
45.000000 0.114080
45.250000 0.114080
45.500000 0.114080
45.750000 0.114080
46.000000 0.114080
46.250000 0.114080
46.500000 0.114080
46.750000 0.114080
47.000000 0.114080
47.250000 0.114080
47.500000 0.114080
47.750000 0.114080
48.000000 0.114080
48.250000 0.114080
48.500000 0.114080
48.750000 0.114080
49.000000 0.114080
49.250000 0.114080
49.500000 0.114080
49.750000 0.114080
50.000000 0.114080
50.250000 0.114080
50.500000 0.114080
50.750000 0.114080
51.000000 0.114080
51.250000 0.114080
51.500000 0.114080
51.750000 0.114080
52.000000 0.114080
52.250000 0.114080
52.500000 0.114080
52.750000 0.114080
53.000000 0.114080
53.250000 0.114080
53.500000 0.114080
53.750000 0.114080
54.000000 0.114080
