0.187166 0.000000
1.823419 0.226732
3.826361 0.104979
5.848138 0.104979
7.849501 0.104979
9.839971 0.104979
11.856820 0.104979
13.859024 0.104979
15.857550 0.104979
17.861193 0.104979
19.857924 0.104979
21.858114 0.104979
23.882825 0.104979
25.868712 0.104979
27.884316 0.104979
29.874299 0.104979
31.891408 0.104979
33.892571 0.104979
35.896167 0.104979
37.907143 0.104979
39.909363 0.104979
41.909644 0.104979
43.920186 0.104979
45.937791 0.104979
47.924133 0.104979
49.924908 0.104979
51.925741 0.104979
53.926650 0.104979
55.927700 0.104979
57.928130 0.104979
59.928235 0.104979
61.934625 0.104979
63.941401 0.104979
65.964056 0.104979
67.962444 0.104979
69.942690 0.104979
71.959134 0.104979
73.963832 0.104979
