0.000000 0.000000
0.250000 0.406929
0.500000 0.406929
0.750000 0.406929
1.000000 0.406929
1.250000 0.406929
1.500000 0.406929
1.750000 0.406929
2.000000 0.406929
2.250000 0.406929
2.500000 0.406929
2.750000 0.406929
3.000000 0.406929
3.250000 0.406929
3.500000 0.406929
3.750000 0.406929
4.000000 0.406929
4.250000 0.406929
4.500000 0.406929
4.750000 0.406929
5.000000 0.406929
5.250000 0.406929
5.500000 0.406929
5.750000 0.406929
6.000000 0.406929
6.250000 0.406929
6.500000 0.406929
6.750000 0.406929
7.000000 0.406929
7.250000 0.406929
7.500000 0.406929
7.750000 0.406929
8.000000 0.406929
8.250000 0.406929
8.500000 0.406929
8.750000 0.406929
9.000000 0.406929
9.250000 0.406929
9.500000 0.406929
9.750000 0.406929
10.000000 0.406929
10.250000 0.406929
10.500000 0.406929
10.750000 0.406929
11.000000 0.406929
11.250000 0.406929
11.500000 0.406929
11.750000 0.406929
12.000000 0.406929
12.250000 0.406929
12.500000 0.406929
12.750000 0.406929
