0.000000 0.000000
0.250000 0.157951
0.500000 0.157951
0.750000 0.157951
1.000000 0.157951
1.250000 0.157951
1.500000 0.157951
1.750000 0.157951
2.000000 0.157951
2.250000 0.157951
2.500000 0.157951
2.750000 0.157951
3.000000 0.157951
3.250000 0.157951
3.500000 0.157951
3.750000 0.157951
4.000000 0.157951
4.250000 0.157951
4.500000 0.157951
4.750000 0.157951
5.000000 0.157951
5.250000 0.157951
5.500000 0.157951
5.750000 0.157951
6.000000 0.157951
6.250000 0.157951
6.500000 0.157951
6.750000 0.157951
7.000000 0.157951
7.250000 0.157951
7.500000 0.157951
7.750000 0.157951
8.000000 0.157951
8.250000 0.157951
8.500000 0.157951
8.750000 0.157951
9.000000 0.157951
9.250000 0.157951
9.500000 0.157951
9.750000 0.157951
10.000000 0.157951
10.250000 0.157951
10.500000 0.157951
10.750000 0.157951
11.000000 0.157951
11.250000 0.157951
11.500000 0.157951
11.750000 0.157951
12.000000 0.157951
12.250000 0.157951
12.500000 0.157951
12.750000 0.157951
13.000000 0.157951
13.250000 0.157951
13.500000 0.157951
13.750000 0.157951
14.000000 0.157951
