0.000000 0.000000
0.250000 0.675315
0.500000 0.679092
0.750000 0.803924
1.000000 0.807701
1.250000 0.811478
1.500000 0.815255
1.750000 0.819032
2.000000 0.822809
2.250000 0.826586
2.500000 0.830363
2.750000 0.834140
3.000000 0.837917
3.250000 0.841694
3.500000 0.845471
3.750000 0.849248
4.000000 0.853025
4.250000 0.856802
4.500000 0.860579
4.750000 0.864356
5.000000 0.868133
5.250000 0.871910
5.500000 0.875687
5.750000 0.879464
6.000000 0.883241
6.250000 0.887018
6.500000 0.890795
6.750000 0.894572
7.000000 0.898349
7.250000 0.902126
7.500000 0.905903
7.750000 0.909680
8.000000 0.913457
8.250000 0.917234
8.500000 0.921011
8.750000 0.924788
9.000000 0.928565
9.250000 0.932342
9.500000 0.936119
9.750000 0.939896
10.000000 0.943673
10.250000 0.947450
10.500000 0.951227
10.750000 0.955004
11.000000 0.958781
11.250000 0.962558
11.500000 0.966335
11.750000 0.970112
12.000000 0.973889
12.250000 0.977666
12.500000 0.981443
12.750000 0.985220
