0.000000 0.000000
0.250000 0.132143
0.500000 0.132143
0.750000 0.132143
1.000000 0.132143
1.250000 0.132143
1.500000 0.132143
1.750000 0.132143
2.000000 0.132143
2.250000 0.132143
2.500000 0.132143
2.750000 0.132143
3.000000 0.132143
3.250000 0.132143
3.500000 0.132143
3.750000 0.132143
4.000000 0.132143
4.250000 0.132143
4.500000 0.132143
4.750000 0.132143
5.000000 0.132143
5.250000 0.132143
5.500000 0.132143
5.750000 0.132143
6.000000 0.132143
6.250000 0.132143
6.500000 0.132143
6.750000 0.132143
7.000000 0.132143
7.250000 0.132143
7.500000 0.132143
7.750000 0.132143
8.000000 0.132143
8.250000 0.132143
8.500000 0.132143
8.750000 0.132143
9.000000 0.132143
9.250000 0.132143
9.500000 0.132143
9.750000 0.132143
10.000000 0.132143
10.250000 0.132143
10.500000 0.132143
10.750000 0.132143
11.000000 0.132143
11.250000 0.132143
11.500000 0.132143
11.750000 0.132143
12.000000 0.132143
12.250000 0.132143
12.500000 0.132143
12.750000 0.132143
13.000000 0.132143
13.250000 0.132143
13.500000 0.132143
13.750000 0.132143
14.000000 0.132143
14.250000 0.132143
14.500000 0.132143
14.750000 0.132143
15.000000 0.132143
15.250000 0.132143
15.500000 0.132143
15.750000 0.132143
16.000000 0.132143
16.250000 0.132143
16.500000 0.132143
16.750000 0.132143
17.000000 0.132143
17.250000 0.132143
17.500000 0.132143
17.750000 0.132143
18.000000 0.132143
18.250000 0.132143
18.500000 0.132143
18.750000 0.132143
19.000000 0.132143
19.250000 0.132143
19.500000 0.132143
19.750000 0.132143
20.000000 0.132143
20.250000 0.132143
20.500000 0.132143
20.750000 0.132143
21.000000 0.132143
21.250000 0.132143
21.500000 0.132143
21.750000 0.132143
22.000000 0.132143
22.250000 0.132143
22.500000 0.132143
22.750000 0.132143
23.000000 0.132143
23.250000 0.132143
23.500000 0.132143
23.750000 0.132143
24.000000 0.132143
24.250000 0.132143
24.500000 0.132143
24.750000 0.132143
25.000000 0.132143
25.250000 0.132143
25.500000 0.132143
25.750000 0.132143
26.000000 0.132143
26.250000 0.132143
26.500000 0.132143
26.750000 0.132143
27.000000 0.132143
27.250000 0.132143
27.500000 0.132143
27.750000 0.132143
28.000000 0.132143
28.250000 0.132143
28.500000 0.132143
28.750000 0.132143
29.000000 0.132143
29.250000 0.132143
29.500000 0.132143
29.750000 0.132143
30.000000 0.132143
30.250000 0.132143
30.500000 0.132143
30.750000 0.132143
31.000000 0.132143
31.250000 0.132143
31.500000 0.132143
31.750000 0.132143
32.000000 0.132143
32.250000 0.132143
32.500000 0.132143
32.750000 0.132143
33.000000 0.132143
33.250000 0.132143
33.500000 0.132143
33.750000 0.132143
34.000000 0.132143
34.250000 0.132143
34.500000 0.132143
34.750000 0.132143
35.000000 0.132143
35.250000 0.132143
35.500000 0.132143
35.750000 0.132143
36.000000 0.132143
36.250000 0.132143
36.500000 0.132143
36.750000 0.132143
37.000000 0.132143
37.250000 0.132143
37.500000 0.132143
37.750000 0.132143
38.000000 0.132143
38.250000 0.132143
38.500000 0.132143
38.750000 0.132143
39.000000 0.132143
39.250000 0.132143
39.500000 0.132143
39.750000 0.132143
40.000000 0.132143
40.250000 0.132143
40.500000 0.132143
40.750000 0.132143
41.000000 0.132143
41.250000 0.132143
41.500000 0.132143
41.750000 0.132143
42.000000 0.132143
42.250000 0.132143
42.500000 0.132143
42.750000 0.132143
43.000000 0.132143
43.250000 0.132143
43.500000 0.132143
43.750000 0.132143
44.000000 0.132143
44.250000 0.132143
44.500000 0.132143
44.750000 0.132143
45.000000 0.132143
45.250000 0.132143
45.500000 0.132143
45.750000 0.132143
46.000000 0.132143
46.250000 0.132143
46.500000 0.132143
46.750000 0.132143
47.000000 0.132143
47.250000 0.132143
47.500000 0.132143
47.750000 0.132143
48.000000 0.132143
48.250000 0.132143
48.500000 0.132143
48.750000 0.132143
49.000000 0.132143
49.250000 0.132143
49.500000 0.132143
49.750000 0.132143
50.000000 0.132143
50.250000 0.132143
50.500000 0.132143
50.750000 0.132143
51.000000 0.132143
51.250000 0.132143
51.500000 0.132143
51.750000 0.132143
52.000000 0.132143
52.250000 0.132143
52.500000 0.132143
52.750000 0.132143
53.000000 0.132143
53.250000 0.132143
53.500000 0.132143
53.750000 0.132143
54.000000 0.132143
54.250000 0.132143
54.500000 0.132143
54.750000 0.132143
55.000000 0.132143
55.250000 0.132143
55.500000 0.132143
55.750000 0.132143
56.000000 0.132143
56.250000 0.132143
56.500000 0.132143
56.750000 0.132143
57.000000 0.132143
57.250000 0.132143
57.500000 0.132143
