0.014244 0.078766
1.861694 0.100810
3.886789 0.063301
5.876928 0.633035
7.875731 1.178336
9.884358 1.195062
11.900117 1.012856
13.877780 1.156903
15.878902 0.150649
17.894118 0.031660
19.879112 0.037601
21.880337 0.031276
23.894930 0.031412
25.895573 0.031665
27.880223 0.031316
29.886984 0.037736
31.885444 0.031481
33.881710 0.037697
35.882212 0.031368
37.885680 0.031426
39.885446 0.037708
41.885347 0.031397
43.886928 0.037691
45.887775 0.031220
47.900703 0.031593
49.889915 0.031356
51.888862 0.031514
53.888273 0.031433
55.887610 0.031249
57.898701 0.037644
59.902000 0.031607
61.890288 0.031420
63.890418 0.031300
65.898211 0.037784
67.894118 0.031421
69.894189 0.031234
