0.657514 0.102865
1.863552 0.094324
3.895545 0.064684
5.880363 0.031517
7.894904 0.000000
9.890011 0.000000
11.885153 0.000000
13.876156 0.000000
15.887676 0.040011
17.897244 0.050535
19.886102 0.060008
21.894012 0.050052
23.902064 0.050684
25.885069 0.049992
27.893450 0.050233
29.889903 0.060383
31.887253 0.050189
33.889831 0.060154
35.894836 0.050045
37.900701 0.060517
39.893677 0.050170
41.897018 0.050133
43.901841 0.060425
45.897821 0.050171
47.901093 0.050108
49.906895 0.050105
51.909620 0.050274
53.900361 0.050275
55.899499 0.060057
57.907725 0.050524
59.897009 0.049970
61.908368 0.050245
63.897098 0.050317
65.894583 0.060378
67.887878 0.049953
69.899897 0.049680
71.911987 0.020256
73.896688 0.000000
75.906351 0.000000
