1.356048 0.124871
1.886317 0.519506
3.888014 0.100930
5.891972 0.100930
7.892192 0.100930
9.888769 0.100930
11.882385 0.100930
13.893757 0.100930
15.887978 0.100930
17.899336 0.100930
19.904327 0.100930
21.890799 0.100930
23.890117 0.100930
25.894745 0.100930
27.895529 0.100930
29.905498 0.100930
31.893117 0.195148
33.911919 0.195148
35.895783 0.195148
37.896509 0.195148
39.894338 0.195148
41.902147 0.195148
43.899486 0.195148
45.898376 0.195148
47.904999 0.195148
49.906169 0.195148
51.908596 0.195148
53.913045 0.195148
55.914370 0.195148
57.923167 0.195148
59.918175 0.195148
61.911606 0.195148
63.919510 0.195148
65.936228 0.195148
67.944985 0.195148
69.934300 0.278474
71.951894 0.278474
73.934574 0.278474
75.927497 0.278474
77.956342 0.278474
79.936033 0.278474
81.935632 0.278474
83.937085 0.278474
85.940285 0.278474
87.939441 0.278474
89.929083 0.278474
91.940496 0.278474
93.940163 0.278474
95.940225 0.278474
97.943461 0.278474
99.944982 0.278474
101.943080 0.278474
103.941648 0.278474
105.945100 0.278474
107.946700 0.278474
109.951919 0.278474
111.953230 0.278474
113.950708 0.278474
115.952230 0.278474
117.949494 0.278474
119.947547 0.278474
121.950430 0.278474
123.955194 0.278474
125.957445 0.278474
127.956381 0.278474
129.956024 0.278474
131.960525 0.278474
133.954363 0.278474
135.954084 0.278474
137.955351 0.278474
139.984806 0.278474
141.985120 0.278474
