0.004634 1.098792
1.884365 1.229115
3.885166 0.523253
5.895634 1.048129
7.887065 0.865306
9.881749 0.986792
11.882368 0.629112
13.885221 0.018050
15.884384 0.672762
17.887550 0.779183
19.892383 0.689695
21.886946 0.537533
23.887813 0.847894
25.890864 0.211907
27.887522 0.987859
29.887555 0.567556
31.889679 0.925644
33.893415 0.171206
35.889129 0.022977
37.888143 0.460649
39.914098 0.141166
41.893010 0.731271
43.891971 0.075650
45.893921 0.889399
47.898960 0.985866
49.895133 0.487458
51.898108 0.654231
53.907093 0.011705
55.905700 0.000000
57.903681 0.746187
59.903159 0.246703
61.907175 0.990970
63.904457 0.412566
65.931164 0.551063
67.935171 0.398392
69.928006 0.938273
71.931851 0.550999
73.929064 0.454137
75.930157 0.400757
77.935960 0.398769
79.930482 0.379041
81.930908 0.377531
83.934560 0.372892
85.950531 0.378937
87.934100 0.367090
89.949753 0.381578
91.931371 0.369659
93.934618 0.375373
95.934186 0.381596
97.933797 0.374324
99.939095 0.378965
101.934355 0.376830
103.941277 0.371084
105.939656 0.381383
107.936512 0.369404
109.951248 0.374415
111.944202 0.376216
113.944358 0.371447
115.942015 0.379722
117.948883 0.373485
119.948378 0.376681
121.945751 0.382425
123.948322 0.373611
125.951699 0.371859
127.951410 0.372222
129.954082 0.375482
131.954404 0.377898
133.954104 0.376036
