0.072608 92.902858
0.079329 153.012164
0.000000 213.073378
0.000000 273.169167
0.000000 333.218186
0.000000 393.267530
0.000000 453.317918
0.000000 513.375058
0.000000 573.432568
0.000000 633.483637
0.000000 693.532574
0.000000 753.574008
0.000000 813.627022
0.000000 873.670413
0.000000 933.707958
0.000000 993.752515
0.000000 1053.791273
0.000000 1113.834556
0.000000 1173.877448
0.000000 1233.913677
0.000000 1293.956328
0.000000 1354.000032
0.000000 1414.046865
0.000000 1474.092817
0.000000 1534.135455
0.000000 1594.180408
0.000000 1654.224837
0.000000 1714.268752
0.000000 1774.314907
0.000000 1834.356243
0.000000 1894.398745
0.000000 1954.448577
0.000000 2014.499777
0.000000 2074.545316
0.000000 2134.588992
0.000000 2194.631831
0.000000 2254.677452
0.000000 2314.722385
0.000000 2374.764003
0.000000 2434.812596
0.000000 2494.855355
0.000000 2554.900399
0.000000 2614.941917
0.000000 2674.984356
0.000000 2735.029919
0.000000 2795.077428
0.000000 2855.121039
0.000000 2915.168825
0.000000 2975.275942
0.000000 3035.321151
0.000000 3095.364091
0.000000 3155.408061
0.000000 3215.496044
0.000000 3275.552422
0.000000 3335.609108
0.000000 3398.113313
0.000000 3458.549558
0.000000 3518.600146
0.000000 3578.669868
0.000000 3638.714064
0.000000 3698.756783
0.000000 3758.799656
0.000000 3818.843189
0.000000 3878.878377
0.000000 3938.925080
0.000000 3998.991866
0.000000 4059.064876
0.000000 4120.869303
0.000000 4180.911341
0.000000 4240.958552
0.000000 4301.209158
0.000000 4361.255878
0.000000 4421.325292
0.000000 4481.389987
0.000000 4541.435315
0.000000 4601.538607
0.000000 4661.579920
0.000000 4721.639919
0.000000 4781.742441
0.000000 4841.795866
0.000000 4901.889638
0.000000 4961.931001
0.000000 5021.989526
0.000000 5082.043541
0.000000 5142.098402
0.000000 5202.142235
0.000000 5262.278116
0.000000 5322.329601
0.000000 5382.373460
0.000000 5442.419312
0.000000 5502.475152
0.000000 5562.520279
0.000000 5622.945795
0.000000 5682.999528
0.000000 5743.047975
0.000000 5803.089330
0.000000 5863.132278
0.000000 5923.179776
0.000000 5983.235770
0.000000 6043.289589
0.000000 6103.332394
0.000000 6163.376039
0.000000 6223.420404
0.000000 6283.470208
0.000000 6343.526090
0.000000 6403.584193
0.000000 6463.627811
0.000000 6523.682848
0.000000 6583.737426
0.000000 6643.780265
0.000000 6703.823769
0.000000 6763.867923
0.000000 6823.915756
0.000000 6883.959243
0.000000 6944.003185
0.000000 7004.047896
0.000000 7064.094296
0.000000 7124.138207
0.000000 7184.185777
0.000000 7244.226777
0.000000 7304.273078
0.000000 7364.317708
0.000000 7424.362617
0.000000 7484.425901
0.000000 7544.469721
0.000000 7604.514114
0.000000 7664.565599
0.000000 7724.606768
0.000000 7784.649870
0.000000 7844.691956
