0.137795 0.830077
1.883738 0.794395
3.884631 0.636348
5.881468 0.000000
7.886053 0.000000
9.891527 0.000000
11.898553 0.000000
13.910682 0.959685
15.904393 1.445209
17.906318 2.930316
19.894841 0.992859
21.912162 0.514630
23.911041 0.515538
25.906398 2.607748
27.903952 0.496279
29.915186 1.063826
31.915200 2.570525
33.909565 0.000000
36.214604 1.521381
38.228860 0.000000
40.221954 0.000000
42.228564 1.017617
44.236162 3.317195
46.231432 2.816703
48.235513 1.566126
50.234075 3.122915
52.255776 0.637789
54.236448 0.562142
56.235795 0.524702
58.229151 0.000000
60.239953 2.009932
62.300379 1.570213
64.309757 0.000000
66.308537 0.000000
68.303866 1.052843
70.301727 2.030645
72.301264 1.136508
74.306793 0.000000
76.305972 2.657460
78.303757 1.033464
80.302697 1.548180
82.304242 0.000000
84.303409 0.951601
86.301024 1.821485
88.308242 0.488870
90.309114 0.541758
92.304900 0.525471
94.306692 2.108861
96.307361 1.054704
98.313011 0.000000
