0.003672 0.443492
1.879136 0.817913
3.880455 0.173887
5.882578 0.037675
7.882188 0.012433
9.886737 0.000000
11.887305 0.000000
13.896915 0.252600
15.898187 0.324261
17.900890 0.693122
19.902549 0.321814
21.905412 0.134946
23.910345 0.128245
25.903174 0.619019
27.902857 0.123884
29.908249 0.265527
31.903799 0.596534
33.904276 0.003019
36.219545 0.404828
38.224069 0.000000
40.220178 0.000000
42.227978 0.233572
44.232619 0.648496
46.227805 0.718500
48.230622 0.363813
50.232387 0.648775
52.261209 0.285347
54.240856 0.171362
56.224982 0.155615
58.252374 0.000000
60.235020 0.455348
62.297230 0.426159
64.299164 0.016178
66.308673 0.000000
68.297553 0.288339
70.298474 0.326121
72.298673 0.352501
74.302588 0.000000
76.298809 0.540674
78.299400 0.294919
80.305693 0.449289
82.299535 0.001387
84.300346 0.154306
86.301463 0.443068
88.306878 0.134257
90.296105 0.113458
92.305529 0.135696
94.303968 0.469295
