0.057274 81.321420
0.058679 141.412484
0.007450 201.666652
0.000000 261.737905
0.000000 321.808025
0.000000 381.874459
0.000000 441.933825
0.000000 501.997533
0.000000 562.088680
0.000000 622.147162
0.000000 682.207876
0.000000 742.268913
0.000000 802.323568
0.000000 862.380809
0.000000 922.431592
0.000000 982.488366
0.000000 1042.542904
0.000000 1102.590713
0.000000 1162.647792
0.000000 1222.705362
0.000000 1282.761028
0.000000 1342.817566
0.000000 1402.872349
0.000000 1462.927650
0.000000 1522.976335
0.000000 1583.027130
0.000000 1643.082448
0.000000 1703.140018
0.000000 1763.214061
0.000000 1823.281892
0.000000 1883.490724
0.000000 1943.552577
0.000000 2003.606866
0.000000 2063.676743
0.000000 2123.727896
0.000000 2183.782152
0.000000 2243.837487
0.000000 2303.893163
0.000000 2363.959614
0.000000 2424.016158
0.000000 2484.065367
0.000000 2544.127134
0.000000 2604.192686
0.000000 2664.256957
0.000000 2724.303162
0.000000 2784.355878
0.000000 2844.410531
0.056767 2904.467103
0.000000 2964.520106
0.000000 3024.577800
0.000000 3084.737915
0.000000 3144.807861
0.000000 3204.857001
0.000000 3264.904430
0.000000 3324.964515
0.000000 3385.034157
0.000000 3445.097245
0.000000 3505.166792
0.000000 3565.237792
0.000000 3625.299721
0.000000 3685.675694
0.000000 3745.765994
0.000000 3805.821844
0.000000 3865.879052
0.000000 3925.933088
0.000000 3985.986671
0.000000 4046.039747
0.000000 4106.096924
0.000000 4166.142965
0.000000 4226.204245
0.000000 4286.259871
0.000000 4346.328690
0.000000 4406.393093
0.000000 4466.478077
0.000000 4526.601233
0.000000 4586.664984
0.000000 4646.726178
0.000000 4706.799710
0.000000 4766.874629
0.000000 4826.925955
0.000000 4886.985735
0.000000 4947.051660
0.000000 5007.112007
0.000000 5067.179774
0.000000 5127.423579
0.000000 5187.480808
0.000000 5247.539061
0.000000 5307.602196
0.000000 5367.658873
0.000000 5428.074772
0.000000 5488.146103
0.000000 5548.219705
0.000000 5608.275881
0.000000 5668.331970
0.000000 5728.397344
0.000000 5788.465749
0.000000 5848.522340
0.000000 5908.580459
0.000000 5968.639716
0.000000 6028.715264
0.000000 6088.785518
0.000000 6148.843175
0.000000 6208.894698
0.000000 6269.194638
0.000000 6329.250397
0.000000 6389.307958
0.000000 6449.377534
0.000000 6509.447817
0.000000 6569.505335
0.000000 6629.560829
0.000000 6689.608508
0.000000 6749.661541
0.000000 6810.023641
0.000000 6870.088712
0.000000 6930.141692
0.000000 6990.196105
0.000000 7050.247725
0.000000 7110.309113
0.000000 7170.365701
0.000000 7230.422456
0.000000 7290.493695
0.000000 7350.546906
