0.021941 0.746964
1.873436 0.778161
3.875891 0.712964
5.878165 0.605347
7.874955 0.683909
9.879340 0.000000
11.895775 0.065106
13.895068 1.424483
15.895888 1.610472
17.894991 0.000000
19.894355 1.011452
21.894006 12.640156
23.894726 0.000000
25.896828 0.000000
27.895886 0.000000
29.896325 0.000000
31.901911 0.000000
33.900367 0.000000
36.214866 7.974379
38.215881 1.163326
40.216681 0.204245
42.222113 3.164343
44.232993 0.000000
46.223635 0.000000
48.227285 0.000000
50.226300 0.000000
52.224193 1.006667
54.224789 13.261460
56.225324 1.687199
58.229415 0.000000
60.235704 0.000000
62.293759 4.677313
64.291159 11.511791
66.293266 3.753411
68.289388 3.066412
70.291478 0.000000
72.291530 0.000000
74.290558 0.000000
76.290667 0.000000
78.290909 0.000000
80.291243 5.009078
82.292620 4.439849
84.301415 0.502435
86.293912 0.000000
88.292778 10.001559
90.293176 5.711709
92.294232 0.000000
94.295293 0.000000
