0.026375 0.085837
1.873189 0.090041
3.875862 0.159487
5.875396 1.218298
7.874383 0.976730
9.879225 0.820962
11.882689 0.951012
13.892789 0.763146
15.894199 0.677235
17.894552 0.034556
19.896366 0.834440
21.897002 0.727274
23.897944 1.083099
25.897073 0.094027
27.898770 1.102404
29.900568 0.669349
31.899794 0.376514
33.900777 0.755968
36.214600 0.713197
38.217106 0.187526
40.215799 0.184864
42.221615 0.563465
44.225372 0.034623
46.223284 0.034568
48.224402 0.644265
50.225686 0.031226
52.229158 0.705300
54.225473 0.628726
56.238122 1.163760
58.236878 1.484313
60.230645 0.516012
62.291799 0.297662
64.294804 0.000000
66.289027 0.000000
68.291473 0.613698
70.291593 0.437718
72.291451 0.872309
74.292146 0.952864
76.292671 0.359117
78.292671 0.736317
80.296725 0.505110
82.293159 0.907622
84.292519 0.849353
86.295133 0.624966
88.300025 0.084501
90.308105 0.406984
92.299094 1.138166
94.297733 0.470954
