1972634.399639 60.521623
1923540.108715 120.705656
914002.809577 180.790005
1731476.784643 240.870259
1458812.587077 300.939246
1287480.003982 361.030929
1384071.211493 421.104930
1355833.851574 481.189639
776724.889386 541.259545
1199946.462977 601.338850
1181293.624204 661.406994
228787.051891 721.465162
0.000000 781.524592
0.000000 841.577097
0.000000 901.639066
0.000000 961.686816
0.000000 1021.746834
0.000000 1081.795169
0.000000 1141.849041
0.000000 1201.903639
0.000000 1261.956374
0.000000 1322.010490
0.000000 1382.065456
0.000000 1442.118506
0.000000 1502.178222
0.000000 1562.235559
0.000000 1622.291252
0.000000 1682.342857
0.000000 1742.387519
0.000000 1802.444390
0.000000 1862.498560
0.000000 1922.542980
0.000000 1982.590329
0.000000 2042.645312
0.000000 2102.699632
0.000000 2162.758158
0.000000 2222.812480
0.000000 2282.868577
0.000000 2342.927057
0.000000 2402.983732
0.000000 2463.027686
0.000000 2523.073825
0.000000 2583.129656
0.000000 2643.188316
0.000000 2703.300573
0.000000 2763.371114
0.000000 2823.425433
353842.989171 2883.473383
1731217.490448 2943.520189
1307597.646055 3003.581942
0.000000 3063.625972
0.000000 3123.683059
0.000000 3183.737900
0.000000 3243.789826
696517.742132 3303.835979
3433794.055491 3364.054584
978521.518803 3424.122525
0.000000 3484.194822
0.000000 3544.270003
0.000000 3604.315815
0.000000 3664.380257
0.000000 3724.431906
0.000000 3784.490205
0.000000 3844.566131
0.000000 3904.628958
0.000000 3964.838490
0.000000 4024.894991
0.000000 4084.943409
0.000000 4144.999484
0.000000 4205.069172
1825354.341683 4265.212829
1217620.834852 4325.301032
1216089.397224 4385.378789
1311824.107348 4445.442682
0.000000 4505.521053
0.000000 4565.593263
0.000000 4625.645341
0.000000 4685.689028
0.000000 4745.742746
0.000000 4805.794210
0.000000 4865.867374
0.000000 4925.929603
0.000000 4985.985256
0.000000 5046.034695
0.000000 5106.136377
0.000000 5166.190519
0.000000 5226.260105
0.000000 5286.318887
0.000000 5346.365475
0.000000 5406.455622
0.000000 5466.513824
0.000000 5526.569666
0.000000 5586.632639
0.000000 5646.689675
0.000000 5706.742999
0.000000 5766.802503
0.000000 5826.849226
0.000000 5886.906876
0.000000 5946.989282
0.000000 6007.061265
0.000000 6067.106428
0.000000 6127.165795
0.000000 6187.219531
0.000000 6247.273700
0.000000 6307.327402
0.000000 6367.386049
0.000000 6427.443703
0.000000 6487.530376
0.000000 6547.587300
0.000000 6607.632365
0.000000 6667.692962
0.000000 6727.748456
