0.142846 0.106509
1.885924 0.088270
3.885149 0.853091
5.890943 1.409460
7.888616 1.118893
9.890380 1.585060
11.878742 0.919218
13.887633 0.044041
15.885515 0.899165
17.898241 0.972620
19.893836 1.029234
21.888150 0.756338
23.887589 1.127462
25.890941 0.365566
27.889138 0.922839
29.900652 0.624440
31.889990 1.037375
33.895136 0.202696
35.890371 0.050202
37.893468 0.609506
39.912168 0.229567
41.896620 0.981564
43.895911 0.101937
45.895582 1.267998
47.900331 1.415053
49.901141 0.782780
51.908988 0.528741
53.904537 0.006274
55.907826 0.000000
57.913938 1.053564
59.904120 0.371933
61.909861 1.330255
63.901920 0.597864
65.932842 0.851122
67.936719 0.600566
69.936039 1.092261
71.948669 0.734233
73.936016 0.651780
75.938696 0.269534
77.939684 0.000000
79.934393 0.000000
81.933625 0.000000
83.936229 0.000000
85.936708 0.000000
87.935839 0.000000
89.931282 0.000000
91.936689 0.000000
93.936171 0.000000
95.936114 0.000000
97.941308 0.000000
99.941069 0.000000
101.941939 0.000000
103.943254 0.000000
105.941465 0.000000
107.943498 0.000000
109.953165 0.000000
111.946932 0.000000
113.947875 0.000000
115.948576 0.000000
117.950463 0.000000
119.947032 0.000000
121.947251 0.000000
123.953010 0.000000
125.953498 0.000000
127.953019 0.000000
129.952232 0.000000
131.956642 0.000000
133.955967 0.000000
135.953248 0.000000
