45105.787340 60.415237
46873.531504 120.556611
22870.926797 180.630215
23307.874931 240.761054
23307.243529 301.022661
18149.503016 361.095873
19649.099750 421.183469
18150.931114 481.271311
10241.253497 541.354179
16738.471919 601.446823
16798.899723 661.522080
5475.804555 721.625064
0.000000 781.696236
0.000000 841.752469
0.000000 901.812649
0.000000 961.874575
0.000000 1021.929844
0.000000 1081.986294
0.000000 1142.046663
0.000000 1202.105378
0.000000 1262.165620
0.000000 1322.221355
0.000000 1382.278335
0.000000 1442.338327
0.000000 1502.408252
0.000000 1562.474335
0.000000 1622.528987
0.000000 1682.583737
0.000000 1742.640418
0.000000 1802.695437
0.000000 1862.977386
0.000000 1923.050791
0.000000 1983.113169
0.000000 2043.171550
0.000000 2103.227169
0.000000 2163.287596
0.000000 2223.341371
0.000000 2283.409878
0.000000 2343.465143
0.000000 2403.522901
0.000000 2463.576917
0.000000 2523.632405
0.000000 2583.687565
0.000000 2643.747115
0.000000 2703.805959
0.000000 2763.861381
0.000000 2823.919075
3923.655906 2883.975000
27272.400295 2944.053407
16315.380951 3004.160401
10849.187192 3064.250509
14853.567291 3124.341555
15076.533860 3184.396892
10820.586218 3245.269505
15741.889086 3305.342220
28722.771306 3365.475346
13514.698224 3425.537831
8030.304544 3485.597403
11225.191262 3545.657890
8439.936051 3605.710764
11650.510773 3665.768091
14972.153976 3725.829493
7296.323351 3785.889989
8181.420057 3845.957502
1738.500094 3906.035092
68.188181 3966.114468
13141.514967 4026.183528
15048.392718 4086.266403
13729.566722 4146.325243
8884.067166 4206.415486
26184.323681 4266.473339
5039.882127 4326.574223
4380.546239 4386.715312
14076.066390 4446.791838
7263.546973 4506.879150
11405.842465 4566.935759
16097.269684 4627.226264
