0.026375 0.072394
1.873189 0.079981
3.875862 0.137642
5.875396 0.962151
7.874383 0.968192
9.879225 0.968567
11.882689 0.974765
13.892789 0.680728
15.894199 0.510843
17.894552 0.022137
19.896366 0.592545
21.897002 0.727065
23.897944 0.876085
25.897073 0.081235
27.898770 0.914102
29.900568 0.595530
31.899794 0.258247
33.900777 0.992901
36.214600 0.487372
38.217106 0.201246
40.215799 0.184294
42.221615 0.528584
44.225372 0.023919
46.223284 0.022194
48.224402 0.514517
50.225686 0.024996
52.229158 0.671808
54.225473 0.776206
56.238122 0.831835
58.236878 0.954667
60.230645 0.396499
62.291799 0.166928
64.294804 0.000000
66.289027 0.000000
68.291473 0.585643
70.291593 0.452748
72.291451 0.596239
74.292146 0.976111
76.292671 0.265518
78.292671 0.622871
80.296725 0.425882
82.293159 0.973949
84.292519 0.754383
86.295133 0.340814
88.300025 0.264330
90.308105 0.466198
92.299094 0.878441
94.297733 0.354924
