6252.129195 60.603990
7774.531321 120.676005
3806.463572 180.749080
2905.459806 240.824001
1436.869720 300.982465
0.000000 361.077684
0.000000 421.156626
0.000000 481.235818
0.000000 541.317444
0.000000 601.489502
0.000000 661.593788
0.000000 721.681043
0.000000 781.747852
0.000000 841.819782
0.000000 901.882105
0.000000 961.939685
0.000000 1021.998474
0.000000 1082.069079
0.000000 1142.121962
0.000000 1202.178715
0.000000 1262.235092
0.000000 1322.288502
0.000000 1382.343840
0.000000 1442.398602
0.000000 1502.453738
0.000000 1562.512462
0.000000 1622.572431
0.000000 1682.631817
0.000000 1742.687126
0.000000 1802.740968
0.000000 1863.005740
0.000000 1923.073149
0.000000 1983.139620
0.000000 2043.201373
0.000000 2103.265217
0.000000 2163.326515
0.000000 2223.388554
0.000000 2283.453358
0.000000 2343.523517
0.000000 2403.590840
0.000000 2463.648803
0.000000 2523.700533
0.000000 2583.756214
0.000000 2643.814295
0.000000 2703.873314
0.000000 2763.926788
0.000000 2823.994947
0.000000 2884.063034
2223.434202 2944.142285
1105.844109 3004.212873
1543.567199 3064.280110
3379.471346 3124.342283
2679.981582 3184.401381
1029.793667 3244.476420
2808.670365 3304.548648
0.000000 3364.868294
663.225554 3424.940053
0.000000 3485.002576
471.187493 3545.067593
0.000000 3605.128610
531.770901 3665.212882
984.255062 3725.268819
0.000000 3785.325407
0.000000 3845.381473
0.000000 3905.442260
0.000000 3965.499905
2343.994714 4025.576390
3005.433124 4085.634546
1436.475918 4145.734037
784.363032 4205.799785
2722.615570 4265.853609
0.000000 4325.950599
0.000000 4386.044865
822.010803 4446.126532
0.000000 4506.242530
2781.033563 4566.300485
2933.484045 4626.378868
3085.530374 4686.444646
2778.760948 4746.506929
1951.217161 4806.634447
2348.202023 4866.836870
939.780724 4926.925397
1062.045789 4986.997921
907.028398 5047.078193
0.000000 5107.177744
0.000000 5167.234197
0.000000 5227.299026
0.000000 5287.358628
0.000000 5347.419714
0.000000 5407.481234
0.000000 5467.543964
0.000000 5527.633897
