0.000097 3.187048
1.880215 4.636013
3.877984 1.244122
5.878095 2.278867
7.878460 2.382543
9.885315 1.753625
11.884934 1.964055
13.896462 1.253680
15.896059 1.111725
17.899400 1.006022
19.898298 1.525938
21.904340 2.834801
23.901349 1.019295
25.900121 0.731338
27.900667 1.057369
29.908162 0.959244
31.901736 1.108573
33.902255 0.998906
36.220091 2.558911
38.220253 0.552582
40.218721 0.245833
42.224883 1.529075
44.228700 1.046034
46.225417 1.029718
48.227327 1.071526
50.230006 1.078370
52.234604 1.867096
54.236511 3.604141
56.241216 1.454123
58.234955 0.952047
60.234208 0.890373
62.294910 2.858394
64.296240 2.936860
66.292341 0.990797
68.293787 1.284289
70.298813 0.798822
72.300661 0.989163
74.305519 0.981141
76.295788 1.066720
78.295842 1.046454
80.300725 2.459372
82.296550 2.023485
84.300549 1.197455
86.306099 1.079975
88.301209 2.433907
90.306636 1.349876
92.293393 1.035726
94.297655 0.841030
