0.190424 0.830651
1.874506 0.786851
3.876938 0.953589
5.876961 0.000000
7.875600 0.000000
9.881937 0.000000
11.883810 0.000000
13.893832 1.768883
15.895133 2.289811
17.895924 4.964514
19.897819 2.444775
21.898365 0.908817
23.899446 0.935152
25.898426 4.585943
27.899668 0.967740
29.901583 1.920660
31.900792 4.640533
33.901647 0.034283
36.215702 2.769372
38.218442 0.000000
40.216634 0.000000
42.223290 1.834071
44.227029 5.519952
46.224329 5.508285
48.225860 2.786933
50.227223 4.790854
52.230937 1.987324
54.226804 0.986276
56.239661 0.993756
58.244126 0.000000
60.231752 3.542866
62.293096 2.749416
64.295903 0.000000
66.290496 0.000000
68.292888 1.851377
70.294029 2.754693
72.292999 2.803480
74.293501 0.000000
76.293983 3.871526
78.294013 2.724432
80.298468 2.764334
82.294680 0.014069
84.294330 0.950281
86.296545 3.861635
88.302241 0.986658
90.309895 0.964421
92.300624 0.966073
94.299248 3.321143
96.296437 2.183931
98.302064 0.000000
