0.004493 1.320743
1.872214 1.618585
3.874202 0.800550
5.883307 1.206104
7.880214 1.140884
9.906405 0.796388
11.950758 0.997462
13.891720 0.200973
15.896397 0.145930
17.892789 0.000000
19.893115 0.379914
21.893941 1.953665
23.894551 0.000000
25.895352 0.000000
27.897175 0.000000
29.896186 0.000000
31.898961 0.000000
33.899678 0.000000
36.214746 1.319685
38.216111 0.343868
40.215895 0.069645
42.221393 0.604494
44.225172 0.000000
46.224067 0.000000
48.224397 0.000000
50.223623 0.000000
52.223994 0.685219
54.232294 2.651223
56.227544 0.425762
58.229395 0.000000
60.233991 0.000000
62.288517 1.977210
64.319764 2.819912
66.299171 0.994797
68.294320 0.390123
70.289783 0.000000
72.298595 0.000000
74.291079 0.000000
76.313072 0.000000
78.295073 0.000000
80.303558 1.246307
82.293246 1.047147
84.292073 0.162710
86.293555 0.000000
88.299588 1.910426
90.299179 0.765182
92.295366 0.000000
94.293759 0.000000
