0.190424 0.079764
1.874506 0.084874
3.876938 0.078785
5.876961 0.000000
7.875600 0.000000
9.881937 0.000000
11.883810 0.000000
13.893832 0.144266
15.895133 0.180096
17.895924 0.382136
19.897819 0.196010
21.898365 0.083195
23.899446 0.080225
25.898426 0.356178
27.899668 0.067913
29.901583 0.151961
31.900792 0.347020
33.901647 0.003021
36.215702 0.233940
38.218442 0.000000
40.216634 0.000000
42.223290 0.123718
44.227029 0.335793
46.224329 0.425443
48.225860 0.196902
50.227223 0.353507
52.230937 0.173691
54.226804 0.093558
56.239661 0.091048
58.244126 0.000000
60.231752 0.238818
62.293096 0.250515
64.295903 0.000000
66.290496 0.000000
68.292888 0.172419
70.294029 0.145654
72.292999 0.230812
74.293501 0.000000
76.293983 0.309912
78.294013 0.198498
80.298468 0.251273
82.294680 0.001388
84.294330 0.066281
86.296545 0.276250
88.302241 0.054752
90.309895 0.060365
92.300624 0.084565
94.299248 0.238226
96.296437 0.194935
98.302064 0.000000
