0.082767 68.789100
0.076166 128.849052
0.029367 188.969257
0.000000 249.056306
0.000000 309.128197
0.000000 369.436032
0.000000 429.521563
0.000000 489.668869
0.000000 550.548656
0.000000 611.063987
0.000000 671.157822
0.000000 731.219096
0.000000 791.284142
0.000000 851.337764
0.000000 911.394632
0.000000 971.501259
0.000000 1031.561606
0.000000 1091.620866
0.000000 1151.675243
0.000000 1211.727149
0.000000 1271.782660
0.000000 1331.835814
0.000000 1391.887203
0.000000 1451.932762
0.000000 1511.988410
0.000000 1572.044158
0.000000 1632.100013
0.000000 1692.148968
0.000000 1752.207365
0.000000 1812.262051
0.000000 1872.311722
0.000000 1932.360807
0.000000 1992.415424
0.000000 2052.473696
0.000000 2112.532537
0.000000 2172.586126
0.000000 2232.643874
0.000000 2292.691919
0.000000 2352.747004
0.000000 2412.797033
0.000000 2472.850036
0.000000 2532.900679
0.000000 2592.952478
0.000000 2653.007526
0.000000 2713.062804
0.000000 2773.117858
0.000000 2833.178116
0.000000 2893.229145
0.000000 2953.282720
0.000000 3013.341287
0.000000 3073.411131
0.000000 3133.480708
0.000000 3193.533406
0.000000 3253.626893
0.000000 3313.695135
0.000000 3373.797227
0.000000 3433.900796
0.000000 3494.034148
0.000000 3554.501965
0.000000 3614.591745
0.000000 3674.640919
0.000000 3734.707607
0.000000 3799.323491
0.000000 3859.909107
0.000000 3920.018955
0.000000 4025.395131
0.000000 4085.532264
0.000000 4145.607545
0.000000 4205.916869
0.000000 4265.990204
0.000000 4326.108105
0.000000 4386.174476
0.000000 4446.249155
0.000000 4506.606398
0.000000 4566.806658
0.000000 4627.383890
0.000000 4687.496531
0.000000 4747.599908
0.000000 4807.660489
0.000000 4867.732630
0.000000 4927.868685
0.000000 4987.944547
0.000000 5048.129565
0.000000 5108.252071
0.000000 5168.315534
0.000000 5228.442333
0.000000 5288.567726
0.000000 5348.658615
0.000000 5408.732198
0.000000 5468.995030
0.000000 5529.083200
0.000000 5589.150552
0.000000 5649.258597
0.000000 5709.395480
0.000000 5769.454619
0.000000 5829.558518
0.000000 5889.621961
0.000000 5949.700264
0.000000 6009.786832
0.000000 6069.846754
0.000000 6129.908076
0.000000 6189.999681
0.000000 6250.070526
0.000000 6310.148145
0.000000 6370.232393
0.000000 6430.306708
0.000000 6490.359368
0.000000 6550.447851
0.000000 6610.550217
0.000000 6670.632157
0.000000 6730.724444
0.000000 6790.824825
0.000000 6850.921335
0.000000 6910.993677
0.000000 6971.084018
0.000000 7031.155472
0.000000 7091.377797
0.000000 7151.463947
0.000000 7211.538551
0.000000 7271.642286
