0.130279 0.079027
1.875187 0.088750
3.874528 0.739278
5.876407 0.935136
7.882996 0.979155
9.883339 0.789606
11.883723 0.981726
13.898931 0.018733
15.898286 0.000000
17.897780 0.000000
19.895937 0.099068
21.902180 0.287225
23.897950 0.000000
25.901158 0.000000
27.902804 0.000000
29.904467 0.000000
31.900853 0.000000
33.903161 0.000000
36.216589 0.314129
38.221793 0.000000
40.217546 0.000000
42.223754 0.000000
44.224945 0.000000
46.228829 0.000000
48.228482 0.000000
50.226898 0.000000
52.228227 0.180852
54.227260 0.625968
56.227064 0.000000
58.231454 0.000000
60.231015 0.000000
62.291570 0.514359
64.291367 0.556022
66.291086 0.000000
68.292094 0.000000
70.296871 0.000000
72.298859 0.000000
74.303660 0.000000
76.293833 0.000000
78.292023 0.000000
80.299284 0.381924
82.293367 0.000000
84.301247 0.000000
86.293970 0.000000
88.299317 0.399024
90.305160 0.000000
92.306866 0.000000
94.297340 0.000000
96.302978 0.410362
98.308702 0.260415
