0.192223 0.000000
1.888118 0.524214
3.882131 0.047162
5.890904 0.120746
7.887012 0.120746
9.883651 0.120746
11.887844 0.120746
13.890869 0.120746
15.889584 0.120746
17.889677 0.120746
19.889423 0.120746
21.892432 0.120746
23.892963 0.120746
25.890851 0.120746
27.897244 0.120746
29.891750 0.120746
31.895488 0.120746
33.893073 0.120746
35.897793 0.120746
37.897780 0.120746
39.902381 0.120746
41.901696 0.120746
43.901712 0.120746
45.900632 0.120746
47.904343 0.120746
49.907693 0.120746
51.900850 0.120746
53.912256 0.120746
55.917221 0.120746
57.931596 0.120746
59.908800 0.120746
61.910576 0.120746
63.917273 0.120746
65.941280 0.120746
67.937140 0.120746
69.939562 0.120746
71.932643 0.120746
73.935297 0.120746
75.935329 0.120746
77.938449 0.120746
79.936343 0.120746
81.937915 0.120746
83.935765 0.120746
85.933819 0.120746
87.937324 0.120746
89.938004 0.120746
91.938823 0.120746
93.937303 0.120746
95.941741 0.120746
97.940176 0.120746
99.941304 0.120746
101.946545 0.120746
103.937830 0.120746
105.945798 0.120746
107.943407 0.120746
109.948896 0.120746
111.942617 0.120746
113.945559 0.120746
115.946856 0.120746
117.943845 0.120746
119.956363 0.120746
121.952607 0.120746
123.952236 0.120746
125.949823 0.120746
127.955557 0.120746
129.955931 0.120746
131.952095 0.120746
133.948103 0.120746
135.959694 0.120746
137.955919 0.120746
139.981244 0.120746
141.978824 0.120746
143.968245 0.120746
146.015609 0.120746
148.013126 0.120746
150.019743 0.120746
152.024532 0.120746
