0.000000 0.064691
0.250000 0.179650
0.500000 0.179650
0.750000 0.179650
1.000000 0.179650
1.250000 0.179650
1.500000 0.179650
1.750000 0.179650
2.000000 0.179650
2.250000 0.179650
2.500000 0.179650
2.750000 0.179650
3.000000 0.179650
3.250000 0.179650
3.500000 0.179650
3.750000 0.179650
4.000000 0.179650
4.250000 0.179650
4.500000 0.179650
4.750000 0.179650
5.000000 0.179650
5.250000 0.179650
5.500000 0.179650
5.750000 0.179650
6.000000 0.179650
6.250000 0.179650
6.500000 0.179650
6.750000 0.179650
7.000000 0.179650
7.250000 0.179650
7.500000 0.179650
7.750000 0.179650
8.000000 0.179650
8.250000 0.179650
8.500000 0.179650
8.750000 0.179650
9.000000 0.179650
9.250000 0.179650
9.500000 0.179650
9.750000 0.179650
10.000000 0.179650
10.250000 0.179650
10.500000 0.179650
10.750000 0.179650
11.000000 0.179650
11.250000 0.179650
11.500000 0.179650
11.750000 0.179650
12.000000 0.179650
12.250000 0.179650
12.500000 0.179650
12.750000 0.179650
13.000000 0.179650
13.250000 0.179650
13.500000 0.179650
13.750000 0.179650
14.000000 0.179650
14.250000 0.179650
14.500000 0.179650
14.750000 0.179650
15.000000 0.179650
15.250000 0.179650
15.500000 0.179650
15.750000 0.179650
16.000000 0.179650
16.250000 0.179650
16.500000 0.179650
16.750000 0.179650
17.000000 0.179650
17.250000 0.179650
17.500000 0.179650
17.750000 0.179650
18.000000 0.179650
18.250000 0.179650
18.500000 0.179650
18.750000 0.179650
19.000000 0.179650
19.250000 0.179650
19.500000 0.179650
