0.000000 0.176377
0.250000 0.194222
0.500000 0.194222
0.750000 0.194222
1.000000 0.194222
1.250000 0.194222
1.500000 0.194222
1.750000 0.194222
2.000000 0.194222
2.250000 0.194222
2.500000 0.194222
2.750000 0.194222
3.000000 0.194222
3.250000 0.194222
3.500000 0.194222
3.750000 0.194222
4.000000 0.194222
4.250000 0.194222
4.500000 0.194222
4.750000 0.194222
5.000000 0.194222
5.250000 0.194222
5.500000 0.194222
5.750000 0.194222
6.000000 0.194222
6.250000 0.194222
6.500000 0.194222
6.750000 0.194222
7.000000 0.194222
7.250000 0.194222
7.500000 0.194222
7.750000 0.194222
8.000000 0.194222
8.250000 0.194222
8.500000 0.194222
8.750000 0.194222
9.000000 0.194222
9.250000 0.194222
9.500000 0.194222
9.750000 0.194222
10.000000 0.194222
10.250000 0.194222
10.500000 0.194222
10.750000 0.194222
11.000000 0.194222
11.250000 0.194222
11.500000 0.194222
11.750000 0.194222
12.000000 0.194222
12.250000 0.194222
12.500000 0.194222
12.750000 0.194222
13.000000 0.194222
13.250000 0.194222
13.500000 0.194222
13.750000 0.194222
14.000000 0.194222
14.250000 0.194222
14.500000 0.194222
14.750000 0.194222
15.000000 0.194222
15.250000 0.194222
15.500000 0.194222
15.750000 0.194222
16.000000 0.194222
16.250000 0.194222
16.500000 0.194222
16.750000 0.194222
17.000000 0.194222
17.250000 0.194222
17.500000 0.194222
17.750000 0.194222
18.000000 0.194222
18.250000 0.194222
18.500000 0.194222
18.750000 0.194222
19.000000 0.194222
19.250000 0.194222
19.500000 0.194222
