0.000000 0.000000
0.250000 0.157299
0.500000 0.157299
0.750000 0.157299
1.000000 0.157299
1.250000 0.157299
1.500000 0.157299
1.750000 0.157299
2.000000 0.157299
2.250000 0.157299
2.500000 0.157299
2.750000 0.157299
3.000000 0.157299
3.250000 0.157299
3.500000 0.157299
3.750000 0.157299
4.000000 0.157299
4.250000 0.157299
4.500000 0.157299
4.750000 0.157299
5.000000 0.157299
5.250000 0.157299
5.500000 0.157299
5.750000 0.157299
6.000000 0.157299
6.250000 0.157299
6.500000 0.157299
6.750000 0.157299
7.000000 0.157299
7.250000 0.157299
7.500000 0.157299
7.750000 0.157299
8.000000 0.157299
8.250000 0.157299
8.500000 0.157299
8.750000 0.157299
9.000000 0.157299
9.250000 0.157299
9.500000 0.157299
9.750000 0.157299
10.000000 0.157299
10.250000 0.157299
10.500000 0.157299
10.750000 0.157299
11.000000 0.157299
11.250000 0.157299
11.500000 0.157299
11.750000 0.157299
12.000000 0.157299
12.250000 0.157299
12.500000 0.157299
12.750000 0.157299
13.000000 0.157299
13.250000 0.157299
13.500000 0.157299
13.750000 0.157299
14.000000 0.157299
14.250000 0.157299
14.500000 0.157299
14.750000 0.157299
15.000000 0.157299
15.250000 0.157299
15.500000 0.157299
15.750000 0.157299
16.000000 0.157299
16.250000 0.157299
16.500000 0.157299
16.750000 0.157299
17.000000 0.157299
17.250000 0.157299
17.500000 0.157299
17.750000 0.157299
18.000000 0.157299
18.250000 0.157299
18.500000 0.157299
18.750000 0.157299
19.000000 0.157299
19.250000 0.157299
19.500000 0.157299
