0.000000 0.000000
0.250000 19.241834
0.500000 19.241834
0.750000 19.241834
1.000000 19.241834
1.250000 19.241834
1.500000 19.241834
1.750000 19.241834
2.000000 19.241834
2.250000 19.241834
2.500000 19.241834
2.750000 19.241834
3.000000 19.241834
3.250000 19.241834
3.500000 19.241834
3.750000 19.241834
4.000000 19.241834
4.250000 19.241834
4.500000 19.241834
4.750000 19.241834
5.000000 19.241834
5.250000 19.241834
5.500000 19.241834
5.750000 19.241834
6.000000 19.241834
6.250000 19.241834
6.500000 19.241834
6.750000 19.241834
7.000000 19.241834
7.250000 19.241834
7.500000 19.241834
7.750000 19.241834
8.000000 19.241834
8.250000 19.241834
8.500000 19.241834
8.750000 19.241834
9.000000 19.241834
9.250000 19.241834
9.500000 19.241834
9.750000 19.241834
10.000000 19.241834
10.250000 19.241834
10.500000 19.241834
10.750000 19.241834
11.000000 19.241834
11.250000 19.241834
11.500000 19.241834
11.750000 19.241834
12.000000 19.241834
12.250000 19.241834
12.500000 19.241834
12.750000 19.241834
13.000000 19.241834
13.250000 19.241834
13.500000 19.241834
13.750000 19.241834
14.000000 19.241834
14.250000 19.241834
14.500000 19.241834
14.750000 19.241834
15.000000 19.241834
15.250000 19.241834
15.500000 19.241834
15.750000 19.241834
16.000000 19.241834
16.250000 19.241834
16.500000 19.241834
16.750000 19.241834
17.000000 19.241834
17.250000 19.241834
17.500000 19.241834
17.750000 19.241834
18.000000 19.241834
18.250000 19.241834
18.500000 19.241834
18.750000 19.241834
19.000000 19.241834
19.250000 19.241834
19.500000 19.241834
