0.000000 0.000000
0.250000 0.148526
0.500000 0.148526
0.750000 0.148526
1.000000 0.148526
1.250000 0.148526
1.500000 0.148526
1.750000 0.148526
2.000000 0.148526
2.250000 0.148526
2.500000 0.148526
2.750000 0.148526
3.000000 0.148526
3.250000 0.148526
3.500000 0.148526
3.750000 0.148526
4.000000 0.148526
4.250000 0.148526
4.500000 0.148526
4.750000 0.148526
5.000000 0.148526
5.250000 0.148526
5.500000 0.148526
5.750000 0.148526
6.000000 0.148526
6.250000 0.148526
6.500000 0.148526
6.750000 0.148526
7.000000 0.148526
7.250000 0.148526
7.500000 0.148526
7.750000 0.148526
8.000000 0.148526
8.250000 0.148526
8.500000 0.148526
8.750000 0.148526
9.000000 0.148526
9.250000 0.148526
9.500000 0.148526
9.750000 0.148526
10.000000 0.148526
10.250000 0.148526
10.500000 0.148526
10.750000 0.148526
11.000000 0.148526
11.250000 0.148526
11.500000 0.148526
11.750000 0.148526
12.000000 0.148526
12.250000 0.148526
12.500000 0.148526
12.750000 0.148526
13.000000 0.148526
13.250000 0.148526
13.500000 0.148526
13.750000 0.148526
14.000000 0.148526
14.250000 0.148526
14.500000 0.148526
14.750000 0.148526
15.000000 0.148526
15.250000 0.148526
15.500000 0.148526
15.750000 0.148526
16.000000 0.148526
16.250000 0.148526
16.500000 0.148526
16.750000 0.148526
17.000000 0.148526
17.250000 0.148526
17.500000 0.148526
17.750000 0.148526
18.000000 0.148526
18.250000 0.148526
18.500000 0.148526
18.750000 0.148526
19.000000 0.148526
19.250000 0.148526
19.500000 0.148526
