0.000000 0.000000
0.250000 0.180548
0.500000 0.180548
0.750000 0.180548
1.000000 0.180548
1.250000 0.180548
1.500000 0.180548
1.750000 0.180548
2.000000 0.180548
2.250000 0.180548
2.500000 0.180548
2.750000 0.180548
3.000000 0.180548
3.250000 0.180548
3.500000 0.180548
3.750000 0.180548
4.000000 0.180548
4.250000 0.180548
4.500000 0.180548
4.750000 0.180548
5.000000 0.180548
5.250000 0.180548
5.500000 0.180548
5.750000 0.180548
6.000000 0.180548
6.250000 0.180548
6.500000 0.180548
6.750000 0.180548
7.000000 0.180548
7.250000 0.180548
7.500000 0.180548
7.750000 0.180548
8.000000 0.180548
8.250000 0.180548
8.500000 0.180548
8.750000 0.180548
9.000000 0.180548
9.250000 0.180548
9.500000 0.180548
9.750000 0.180548
10.000000 0.180548
10.250000 0.180548
10.500000 0.180548
10.750000 0.180548
11.000000 0.180548
11.250000 0.180548
11.500000 0.180548
11.750000 0.180548
12.000000 0.180548
12.250000 0.180548
12.500000 0.180548
12.750000 0.180548
13.000000 0.180548
13.250000 0.180548
13.500000 0.180548
13.750000 0.180548
14.000000 0.180548
14.250000 0.180548
14.500000 0.180548
14.750000 0.180548
15.000000 0.180548
15.250000 0.180548
15.500000 0.180548
15.750000 0.180548
16.000000 0.180548
16.250000 0.180548
16.500000 0.180548
16.750000 0.180548
17.000000 0.180548
17.250000 0.180548
17.500000 0.180548
17.750000 0.180548
18.000000 0.180548
18.250000 0.180548
18.500000 0.180548
18.750000 0.180548
19.000000 0.180548
19.250000 0.180548
19.500000 0.180548
