0.010211 0.000000
1.798529 0.000000
3.788490 2.964826
5.810462 5.118540
7.805425 14.860412
9.784609 21.159032
11.785378 30.677586
13.810410 25.471938
15.803885 25.471938
17.800341 25.471938
19.786350 25.471938
21.799719 25.471938
23.806379 25.471938
25.806003 25.471938
27.799652 25.471938
29.787995 25.471938
31.788231 25.471938
33.821913 25.471938
35.809556 25.471938
37.804083 25.471938
39.815408 25.471938
41.792033 25.471938
43.837564 25.471938
45.820680 25.471938
47.820804 25.471938
49.846070 25.471938
51.844665 25.471938
53.866242 25.471938
55.840531 25.471938
57.841109 25.471938
59.843266 25.471938
61.850012 25.471938
65.273272 25.471938
