0.316806 0.000000
1.821263 0.276825
3.842182 0.115396
5.854149 0.115396
7.854417 0.115396
9.848735 0.115396
11.867341 0.115396
13.874889 0.115396
15.865928 0.115396
17.858813 0.115396
19.869674 0.115396
21.870617 0.115396
23.882039 0.115396
25.880559 0.115396
27.888253 0.115396
29.879206 0.115396
31.909860 0.115396
33.903268 0.115396
35.901299 0.115396
37.916177 0.115396
39.922690 0.115396
41.919369 0.115396
43.937843 0.115396
45.935005 0.115396
47.926965 0.115396
49.940150 0.115396
51.939377 0.115396
53.947664 0.115396
55.938043 0.115396
57.930858 0.115396
59.956843 0.115396
61.940196 0.115396
63.952087 0.115396
65.955177 0.115396
67.950755 0.115396
69.947964 0.115396
71.956380 0.115396
73.945724 0.115396
75.967320 0.115396
77.974960 0.115396
79.975662 0.115396
81.982344 0.115396
