0.327784 0.531654
1.824538 0.272227
3.837721 0.108274
5.844809 0.108274
7.842892 0.108274
9.843894 0.108274
11.860182 0.108274
13.858379 0.108274
15.860858 0.108274
17.861153 0.108274
19.867016 0.108274
21.881601 0.108274
23.873840 0.108274
25.874697 0.108274
27.876037 0.108274
29.878962 0.108274
31.898229 0.108274
33.902646 0.108274
35.913534 0.108274
37.912162 0.108274
39.912612 0.108274
41.911531 0.108274
43.927093 0.108274
45.940378 0.108274
47.929126 0.108274
49.930124 0.108274
51.932318 0.108274
53.944174 0.108274
55.931952 0.108274
57.943294 0.108274
59.931063 0.108274
61.945514 0.108274
63.944712 0.108274
65.944188 0.108274
67.949464 0.108274
69.950776 0.108274
71.950830 0.108274
74.777133 0.108274
75.979717 0.108274
77.960811 0.108274
79.967244 0.108274
81.969587 0.108274
83.992173 0.108274
