0.215978 0.760271
1.829526 1.374110
3.824599 0.000000
5.846691 0.000000
7.848404 0.000000
9.842935 0.155844
11.862577 0.282348
13.869144 0.284277
15.862095 0.314034
17.866653 0.252131
19.864023 0.281061
21.879780 0.284450
23.871516 0.251115
25.876968 0.219755
27.882153 0.252448
29.877018 0.247165
31.914523 0.221935
33.900018 0.187614
35.913192 0.251836
37.912906 0.219865
39.917090 0.218647
41.932443 0.189482
43.925777 0.219443
45.933814 0.189609
47.925809 0.219589
49.932512 0.188496
51.936268 0.219811
53.940949 0.221185
55.933170 0.220726
57.929538 0.187713
59.941650 0.188729
61.942930 0.219462
63.950795 0.221121
65.943600 0.205692
67.945788 0.203294
