0.007114 0.502263
1.823908 0.420770
3.840190 0.000000
5.842786 0.000000
7.842115 0.000000
9.928598 0.019874
11.863065 0.033915
13.867717 0.034046
15.864693 0.037808
17.862739 0.030212
19.863084 0.033887
21.869386 0.033792
23.881341 0.030319
25.874594 0.026375
27.879513 0.030224
29.879071 0.029720
31.912502 0.026517
33.906672 0.022741
35.899772 0.029975
37.915932 0.026473
39.913472 0.026179
41.933438 0.022642
43.935315 0.026520
45.929313 0.022652
47.930293 0.026449
49.929635 0.022640
51.931684 0.026195
53.950406 0.026667
55.933358 0.026329
57.941806 0.022760
59.933244 0.022484
61.949174 0.026396
63.952487 0.026240
65.967723 0.024919
67.945806 0.024408
