0.030833 0.095614
1.830955 0.669340
3.835318 1.484776
5.852826 1.156859
7.852829 0.988878
9.849205 0.614573
11.871049 0.055586
13.869671 0.055340
15.870817 0.055431
17.875048 0.055652
19.871300 0.055593
21.869686 0.049226
23.874295 0.055192
25.887205 0.043222
27.886358 0.043086
29.891860 0.055324
31.899957 0.040290
33.908222 0.039213
35.929254 0.043261
37.922470 0.049372
39.922632 0.036857
41.932123 0.042845
43.941557 0.043241
45.939846 0.036919
47.937732 0.037043
49.937110 0.043288
51.933170 0.043246
53.928015 0.040095
55.945733 0.039746
57.928012 0.042617
59.948406 0.036795
61.961253 0.043211
63.960885 0.037276
65.947788 0.042902
67.961859 0.043542
69.946294 0.024655
71.948929 0.000000
