0.012215 0.652021
1.827496 0.565457
3.825859 0.000000
5.844330 0.000000
8.193678 0.000000
9.841992 0.893917
11.879807 1.549393
13.867900 1.701485
15.865191 1.454416
17.869794 1.656022
19.871738 1.586581
21.879223 1.465120
23.884221 1.405982
25.877249 1.373699
27.890183 1.246568
29.882039 1.383313
31.906714 1.227920
33.901570 1.079924
35.901311 1.333520
37.920571 1.243644
39.927909 1.159240
41.928418 1.219206
43.932509 1.164369
45.931313 1.001725
47.935500 1.184073
49.933338 1.198965
51.949337 1.117269
53.931299 1.219360
55.939402 1.130307
57.947750 1.146290
59.935834 1.156743
61.954269 1.112735
63.962338 1.207648
65.974122 1.103864
67.955019 1.184134
