0.007114 0.523795
1.823908 0.429561
3.840190 0.000000
5.842786 0.000000
7.842115 0.000000
9.928598 0.019273
11.863065 0.032749
13.867717 0.032879
15.864693 0.032994
17.862739 0.032956
19.863084 0.032858
21.869386 0.030502
23.881341 0.031398
25.874594 0.025470
27.879513 0.027882
29.879071 0.030040
31.912502 0.025711
33.906672 0.022050
35.899772 0.025430
37.915932 0.029335
39.913472 0.021734
41.933438 0.025611
43.935315 0.025714
45.929313 0.021962
47.930293 0.021981
49.929635 0.025610
51.931684 0.025361
53.950406 0.025856
55.933358 0.021881
57.941806 0.025746
59.933244 0.021801
61.949174 0.025594
63.952487 0.025443
65.967723 0.022038
67.945806 0.025409
