0.378080 0.060309
1.822263 0.030229
3.826706 0.000000
5.841013 0.000000
7.841461 0.000000
9.854818 0.025704
11.858407 0.056744
13.862073 0.053834
15.858382 0.052071
17.861933 0.052460
19.859147 0.049519
21.859661 0.043863
23.868902 0.057522
25.872062 0.057713
27.875431 0.055272
29.876251 0.053832
31.892589 0.054229
33.897342 0.048898
35.905270 0.046896
37.909418 0.048372
39.911484 0.053026
41.911020 0.055287
43.923226 0.050671
45.923795 0.060604
47.924625 0.047780
49.938741 0.049872
51.926854 0.053701
53.927517 0.049216
55.928888 0.052823
57.938961 0.053370
59.931767 0.054481
61.940805 0.052661
63.941492 0.047135
65.956711 0.055109
67.943975 0.049203
69.954596 0.030434
