0.306001 0.124871
1.832138 0.287922
3.821474 0.169344
5.856878 0.169344
7.847812 0.169344
9.848333 0.169344
11.876438 0.169344
13.857346 0.169344
15.857465 0.169344
17.875293 0.169344
19.873763 0.169344
21.871592 0.169344
23.880645 0.169344
25.891210 0.169344
27.895592 0.169344
29.889536 0.169344
31.908170 0.169344
33.895369 0.169344
35.918963 0.169344
37.928971 0.169344
39.926683 0.169344
41.926886 0.169344
43.951407 0.169344
45.943721 0.169344
47.940466 0.169344
49.945436 0.169344
51.948295 0.169344
53.933401 0.169344
55.952069 0.169344
57.957310 0.169344
59.957507 0.169344
61.929769 0.169344
63.973919 0.169344
65.961294 0.169344
67.960052 0.169344
69.962758 0.169344
71.956173 0.169344
73.955622 0.169344
75.969249 0.169344
