0.924698 0.000000
1.882157 0.521605
3.914061 0.027900
5.902325 0.114764
7.916374 0.114764
9.906118 0.114764
11.897890 0.114764
13.909018 0.114764
15.905993 0.114764
17.909299 0.114764
19.906694 0.114764
21.908268 0.114764
23.927153 0.114764
25.909290 0.114764
27.909936 0.114764
29.920204 0.114764
31.915133 0.114764
33.915805 0.114764
35.931095 0.114764
37.920444 0.114764
39.913962 0.114764
41.921939 0.114764
43.924918 0.114764
45.929890 0.114764
47.909230 0.114764
49.926403 0.114764
51.920936 0.114764
53.936543 0.114764
55.931169 0.114764
57.933367 0.114764
59.931951 0.114764
61.929648 0.114764
63.937482 0.114764
65.930238 0.114764
67.937205 0.114764
69.933836 0.114764
71.937880 0.114764
73.934535 0.114764
75.940813 0.114764
77.941325 0.114764
79.937368 0.114764
81.948460 0.114764
83.940576 0.114764
85.942778 0.114764
87.936688 0.114764
90.147240 0.114764
92.156255 0.114764
94.154398 0.114764
96.152303 0.114764
98.223246 0.114764
100.212309 0.114764
102.224611 0.114764
104.297070 0.114764
106.217292 0.114764
108.226143 0.114764
110.227062 0.114764
112.214331 0.114764
114.221611 0.114764
116.232715 0.114764
118.226524 0.114764
120.224477 0.114764
122.237215 0.114764
124.277083 0.114764
126.280227 0.114764
128.838898 0.114764
130.892425 0.114764
132.890137 0.114764
134.886516 0.114764
142.892120 0.114764
143.713849 0.114764
146.204608 0.114764
147.630142 0.114764
149.641635 0.114764
151.622437 0.114764
153.624392 0.114764
155.627756 0.114764
157.747417 0.114764
159.749011 0.114764
161.846608 0.114764
163.766542 0.114764
165.745245 0.114764
167.744948 0.114764
169.736807 0.114764
171.748903 0.114764
173.748697 0.114764
175.751546 0.114764
179.181250 0.114764
181.130540 0.114764
183.382930 0.114764
185.662999 0.114764
187.938967 0.114764
190.001875 0.114764
192.343349 0.114764
194.351477 0.114764
197.154187 0.114764
198.680809 0.114764
200.750270 0.114764
202.750352 0.114764
204.759749 0.114764
207.126497 0.114764
209.419890 0.114764
211.448708 0.114764
213.632607 0.114764
215.754495 0.114764
217.742883 0.114764
219.780241 0.114764
221.777334 0.114764
223.784156 0.114764
225.956919 0.114764
227.996035 0.114764
230.771820 0.114764
232.091409 0.114764
234.046412 0.114764
