0.026596 0.464198
1.886256 0.807758
3.913946 0.695351
5.910805 2.661379
7.914090 6.581868
9.918465 8.729958
11.908608 5.336213
13.907529 7.021821
15.912707 2.107580
17.906241 0.257576
19.920854 0.312313
21.914686 0.310373
23.920983 5.175490
25.899807 0.310318
27.919024 2.858508
29.909129 3.938019
31.917580 5.439835
33.922028 5.959596
35.926638 1.255168
37.907674 5.990818
39.944569 3.080409
41.928028 1.302072
43.925703 5.711664
47.432013 0.000000
47.931245 3.726273
49.913977 3.864524
51.928589 0.310375
53.934874 0.364138
55.929954 3.777464
57.936688 0.706120
59.939676 3.953483
61.934989 4.224828
63.944372 5.089266
65.942601 6.694803
67.938656 6.908937
69.940549 4.012873
71.938810 2.463382
73.946125 0.156004
75.941907 0.167557
77.941024 0.207393
79.942695 0.159881
81.946897 0.261086
83.948342 0.294813
85.951759 1.752524
87.938380 4.234874
90.142877 0.051580
92.154965 1.637470
94.149902 6.831968
96.160841 3.183289
98.229639 3.328472
100.220312 6.660558
102.229193 0.340674
104.301456 2.810950
106.232192 4.960709
108.221145 4.260314
110.225347 4.754102
112.209202 2.928425
114.226675 0.311416
116.226253 0.260668
118.216968 0.309685
120.227722 0.260248
122.221654 0.251426
124.285547 0.155840
126.283433 0.200009
128.877897 0.206323
130.889951 0.313344
132.877222 0.257806
134.890038 0.030539
141.686873 0.000000
143.715375 0.053887
145.641307 0.104502
147.627556 0.156596
149.615792 0.207277
151.618584 0.207674
153.617555 0.258484
155.625097 0.293628
157.745806 0.207225
159.749107 0.261514
161.733387 0.259579
163.732459 0.206272
165.745012 0.364035
167.740654 0.206726
169.748791 0.310142
171.756579 0.207585
173.756400 0.207959
175.752623 0.030167
179.192891 0.000000
181.189496 0.047214
183.387651 0.000000
185.659052 0.000000
