0.231819 0.829049
1.831987 1.819189
3.828682 12.367892
5.825422 12.894430
7.817393 9.256706
9.828879 2.403373
11.832570 0.000000
13.829802 0.000000
15.831619 0.000000
17.818965 0.000000
19.821743 0.000000
21.841083 1.767301
23.843704 0.974900
25.823395 2.319445
27.839682 1.435669
29.828059 0.000000
31.842948 0.229963
33.846748 2.253910
35.833422 0.000000
37.846110 0.000000
39.845813 0.000000
41.848575 0.000000
43.847220 0.000000
45.850050 0.000000
47.848685 1.547816
49.866495 0.916129
51.848077 0.000000
53.945090 0.000000
55.939244 0.000000
57.966448 0.000000
59.981669 0.000000
62.002774 0.896088
64.002579 1.580458
65.993510 0.000000
67.985320 0.000000
70.004571 0.000000
72.009498 0.338841
74.024210 4.175269
76.018940 1.313531
78.023524 1.092985
80.019433 0.202561
82.038904 4.161266
84.040347 0.279371
86.048845 0.000000
88.907680 0.000000
90.953426 0.000000
92.954930 0.000000
94.944070 0.000000
96.982181 0.000000
98.989744 0.000000
100.984156 0.000000
102.983145 0.000000
104.984794 1.838745
107.305218 0.339266
109.291220 0.000000
111.624241 0.000000
113.297154 0.000000
115.302519 0.000000
118.032147 0.000000
119.802878 0.000000
121.815732 0.539858
123.807366 1.928308
125.811844 0.000000
127.799505 0.688463
130.228879 0.306572
132.234930 0.000000
134.214897 0.000000
136.263789 0.000000
138.257494 0.000000
140.259208 0.000000
142.459694 0.000000
144.453899 0.000000
146.676139 0.000000
148.734568 0.000000
151.021711 0.000000
