0.073032 0.099248
1.823519 0.077800
3.822409 0.000000
5.820345 0.068589
7.826999 0.000000
9.818718 0.000000
11.825866 0.000000
13.824393 0.058837
15.825856 0.356700
17.828121 0.423337
19.825010 0.425702
21.826536 0.366552
23.832389 0.352103
25.833562 0.326735
27.831823 0.123511
29.831614 0.370908
31.834537 0.188990
33.841484 0.065081
35.844704 0.065347
37.839768 0.392991
39.839585 0.000000
41.838283 0.000000
43.840360 0.200819
45.842888 0.258873
47.838226 0.127781
49.859419 0.063552
51.891358 0.188993
53.941193 0.320776
55.954040 0.384726
57.967963 0.194185
59.993222 0.337144
61.995410 0.137922
63.996024 0.070108
66.005761 0.066358
67.999098 0.000000
70.000798 0.195785
71.997630 0.197444
74.007409 0.136254
76.010875 0.059326
78.021227 0.000821
80.010774 0.132206
82.034023 0.198974
84.028356 0.066109
86.029177 0.175995
89.035481 0.071110
90.947314 0.000000
92.950059 0.000000
94.949910 0.134351
96.973706 0.132592
98.980075 0.159392
100.978017 0.035999
102.972018 0.129638
104.978822 0.056475
107.282144 0.064918
109.285877 0.068564
111.282642 0.105462
113.288755 0.171003
115.288502 0.054442
117.803413 0.136957
119.802846 0.000000
121.809934 0.000000
123.798037 0.134360
125.808755 0.199266
127.814739 0.222098
130.214425 0.190505
132.237440 0.098205
134.211387 0.107863
136.252907 0.265819
138.257903 0.333850
140.253434 0.292422
142.447489 0.012304
144.448294 0.000000
146.671589 0.000000
148.726265 0.000000
150.783407 0.000000
152.815828 0.000000
154.812629 0.000000
156.825474 0.000000
158.923066 0.000000
160.817634 0.000000
162.822884 0.000000
