1.409406 0.000000
1.827522 0.395920
3.824361 0.120815
5.821514 0.120815
7.822401 0.120815
9.821600 0.120815
11.826368 0.120815
13.825170 0.120815
15.822941 0.120815
17.828369 0.120815
19.832815 0.120815
21.826961 0.120815
23.829641 0.120815
25.827779 0.120815
27.834159 0.120815
29.833692 0.120815
31.832397 0.120815
33.839834 0.215620
35.842825 0.215620
37.837319 0.215620
39.839304 0.215620
41.842118 0.215620
43.838540 0.215620
45.838123 0.215620
47.835021 0.215620
49.856106 0.215620
51.858719 0.215620
53.941690 0.215620
55.944075 0.215620
57.987573 0.215620
59.989023 0.215620
61.986614 0.215620
63.996810 0.215620
65.991138 0.215620
67.996698 0.215620
69.999077 0.215620
71.993743 0.215620
74.032801 0.215620
76.022716 0.215620
78.020653 0.215620
80.010208 0.215620
82.029786 0.215620
84.030705 0.300438
86.038671 0.300438
88.927782 0.300438
90.951461 0.300438
92.953697 0.300438
94.954832 0.300438
96.971617 0.300438
98.971668 0.300438
100.973050 0.300438
102.972338 0.300438
105.009339 0.300438
107.348629 0.300438
109.276470 0.300438
111.623992 0.300438
113.291161 0.300438
115.295457 0.300438
117.803004 0.300438
119.801446 0.300438
121.804038 0.300438
123.803375 0.300438
125.807755 0.300438
127.814654 0.300438
130.231781 0.300438
132.215864 0.300438
134.221029 0.300438
136.258997 0.300438
138.256312 0.300438
140.253393 0.300438
142.446293 0.300438
144.447034 0.300438
146.675345 0.300438
148.724968 0.300438
150.793988 0.300438
152.816496 0.300438
154.809636 0.300438
