0.079649 0.000000
1.820014 0.335153
3.817667 0.964487
5.819590 0.000000
7.821977 0.000000
9.821258 0.000000
11.819509 0.000000
13.824650 0.000000
15.822324 0.000000
17.821272 0.000000
19.822091 0.000000
21.822953 1.054231
23.829675 0.213150
25.828431 0.213150
27.827167 0.213150
29.831256 0.213150
31.829382 0.213150
33.886091 0.213150
35.841546 0.213150
37.842446 0.213150
39.833704 0.213150
41.843164 0.213150
43.837376 0.213150
45.836404 0.213150
47.840529 0.213150
49.850076 0.213150
51.855147 0.213150
53.941904 0.213150
55.946933 0.213150
57.981727 0.213150
59.988131 0.213150
62.017688 0.213150
64.021853 0.213150
66.140242 0.213150
67.998041 0.213150
69.993300 0.213150
71.991859 0.213150
74.003533 0.213150
76.007484 0.213150
78.003063 0.213150
80.005615 0.213150
82.030396 0.213150
84.025536 0.213150
86.036401 0.213150
89.021548 0.213150
91.016845 0.213150
92.944708 0.213150
94.944565 0.213150
96.969569 0.213150
98.971025 0.213150
100.970132 0.213150
102.970554 0.213150
104.977056 0.213150
107.280081 0.213150
109.295680 0.213150
111.281385 0.213150
113.287076 0.213150
115.286857 0.213150
118.094634 0.213150
119.798704 0.213150
121.803848 0.213150
123.803907 0.213150
125.803197 0.213150
127.805244 0.213150
130.213937 0.213150
132.219842 0.213150
134.228313 0.213150
136.248517 0.213150
138.249792 0.213150
140.251769 0.213150
142.442278 0.213150
144.442234 0.213150
146.670996 0.213150
