0.454424 0.124871
1.816955 0.397366
3.816171 0.119560
5.816716 0.119560
7.820877 0.119560
9.817399 0.119560
11.819508 0.119560
13.823622 0.119560
15.820027 0.119560
17.820684 0.119560
19.823372 0.119560
21.822622 0.119560
23.824216 0.119560
25.826322 0.119560
27.827165 0.119560
29.829726 0.119560
31.827909 0.119560
33.844637 0.119560
35.840123 0.119560
37.840930 0.119560
39.833294 0.119560
41.841993 0.119560
43.836184 0.119560
45.833880 0.119560
47.845087 0.119560
49.855663 0.119560
51.850611 0.119560
53.940641 0.119560
55.941600 0.119560
57.979869 0.119560
59.986508 0.119560
61.980932 0.119560
64.018146 0.119560
65.987439 0.119560
67.987526 0.119560
69.987064 0.119560
71.991887 0.119560
74.001794 0.119560
75.998498 0.119560
78.001159 0.119560
80.004108 0.119560
82.026343 0.119560
84.025942 0.119560
86.027644 0.119560
88.938329 0.119560
90.947267 0.119560
92.942644 0.119560
94.945146 0.119560
96.967523 0.119560
98.969886 0.119560
100.968529 0.119560
102.970120 0.119560
105.005157 0.119560
107.280482 0.119560
109.285199 0.119560
111.282472 0.119560
113.285918 0.119560
115.284320 0.119560
117.800060 0.119560
119.797494 0.119560
121.805037 0.119560
123.820320 0.119560
125.801970 0.119560
127.810855 0.119560
130.215508 0.119560
132.218204 0.119560
134.226578 0.119560
136.254024 0.119560
138.248669 0.119560
140.257951 0.119560
142.440982 0.119560
144.441051 0.119560
146.669927 0.119560
148.723950 0.119560
151.367303 0.119560
152.810239 0.119560
154.805938 0.119560
