0.231819 0.124871
1.831987 0.517051
3.828682 14.126331
5.825422 15.735538
7.817393 12.973139
9.828879 26.123584
11.832570 16.292483
13.829802 16.292483
15.831619 16.292483
17.818965 16.292483
19.821743 16.292483
21.841083 16.292483
23.843704 16.713973
25.823395 17.422294
27.839682 29.691641
29.828059 29.143625
31.842948 29.143625
33.846748 29.453925
35.833422 30.178248
37.846110 30.178248
39.845813 30.178248
41.848575 30.178248
43.847220 30.178248
45.850050 30.178248
47.848685 30.178248
49.866495 34.632472
51.848077 46.200375
53.945090 46.200375
55.939244 46.200375
57.966448 46.200375
59.981669 46.200375
62.002774 46.200375
64.002579 48.262343
65.993510 47.261282
67.985320 47.261282
70.004571 47.261282
72.009498 47.261282
74.024210 53.263270
76.018940 51.809988
78.023524 51.246581
80.019433 51.398252
82.038904 52.927345
84.040347 55.152575
86.048845 53.460965
88.907680 53.460965
90.953426 53.460965
92.954930 53.460965
94.944070 53.460965
96.982181 53.460965
98.989744 53.460965
100.984156 53.460965
102.983145 53.460965
104.984794 53.460965
107.305218 54.133668
109.291220 70.162335
111.624241 70.162335
113.297154 70.162335
115.302519 70.162335
118.032147 70.162335
119.802878 70.162335
121.815732 70.162335
123.807366 76.102876
125.811844 70.772175
127.799505 70.772175
130.228879 71.623617
132.234930 71.852262
134.214897 71.852262
136.263789 71.852262
138.257494 71.852262
140.259208 71.852262
142.459694 71.852262
144.453899 71.852262
146.676139 71.852262
148.734568 71.852262
151.021711 71.852262
152.811588 71.852262
