0.006829 0.415004
1.817978 0.627652
3.817167 0.006822
5.817329 0.115367
7.816839 0.133133
9.819456 0.000000
11.822978 0.000000
13.822045 0.000000
15.821516 0.054999
17.825291 0.047022
19.833038 0.055190
21.824050 0.047423
23.827074 0.047470
25.829032 0.242019
27.829173 0.117120
29.827906 0.345722
31.829667 0.294428
33.836046 0.021169
35.839803 0.025759
37.835436 0.046337
39.837478 0.036671
41.833707 0.000000
43.837029 0.147136
45.835028 0.297769
47.838282 0.181252
49.850910 0.087622
51.887471 0.243778
53.938495 0.266634
55.947687 0.375790
57.981264 0.202394
59.988065 0.343873
61.982384 0.271923
63.989187 0.020186
66.008801 0.048302
67.993011 0.000000
69.995479 0.039270
71.991651 0.038856
74.149527 0.018512
76.005052 0.000000
78.000753 0.000000
80.002553 0.025260
82.025824 0.086402
84.027021 0.013331
86.026792 0.025799
88.934664 0.008940
90.943684 0.027553
92.944579 0.000000
94.943089 0.088679
96.968919 0.069358
98.969842 0.211373
100.967867 0.024743
102.967986 0.119456
104.975580 0.122637
107.278755 0.092652
109.281462 0.034115
111.278682 0.183479
113.284331 0.163636
115.286754 0.131300
117.800698 0.025043
119.798539 0.008111
121.804914 0.016853
123.810124 0.032323
125.801779 0.020101
127.808940 0.033333
130.216978 0.024473
132.209705 0.016148
134.222961 0.008023
136.249135 0.040668
138.247792 0.040640
140.247838 0.029649
