0.298024 0.106278
1.825483 0.077174
3.824284 0.000000
5.821627 0.019441
7.828232 0.000000
9.824582 0.000000
11.827510 0.000000
13.825758 0.008547
15.827300 0.059498
17.829441 0.067765
19.839778 0.068410
21.831170 0.058253
23.835708 0.048670
25.835061 0.058398
27.834602 0.019378
29.843212 0.058539
31.837932 0.029123
33.842678 0.009712
35.846546 0.009756
37.841337 0.058389
39.841177 0.000000
41.842808 0.000000
43.841921 0.029151
45.844740 0.038941
47.843805 0.019319
49.858578 0.009718
51.861223 0.028055
53.942326 0.048336
55.955468 0.057931
57.971119 0.028836
59.995819 0.048617
61.997348 0.019467
63.996798 0.008973
66.165710 0.010630
67.996531 0.000000
69.998363 0.029127
72.002868 0.028951
74.019573 0.019529
76.012709 0.000000
78.020075 0.000000
80.013137 0.028926
82.031567 0.029166
84.033389 0.009683
86.043356 0.026971
88.929686 0.009639
90.948774 0.000000
92.950469 0.000000
94.956607 0.019281
96.975366 0.019411
98.980623 0.019471
100.979662 0.009741
102.977663 0.009723
104.979182 0.014606
107.306921 0.012308
109.288327 0.009751
111.284083 0.009688
113.293002 0.029197
115.292718 0.007144
118.016757 0.021811
119.801330 0.000000
121.810469 0.000000
123.991504 0.021432
125.807600 0.029172
127.808981 0.026817
130.223844 0.025950
132.228050 0.019609
134.213058 0.019004
136.261247 0.039083
138.253051 0.048612
140.254786 0.035477
142.449064 0.009725
144.450254 0.000000
146.672688 0.000000
148.727085 0.000000
150.789323 0.000000
152.807454 0.000000
154.813667 0.000000
156.830680 0.000000
158.923085 0.000000
160.812982 0.000000
162.957749 0.000000
164.823120 0.000000
166.875793 0.000000
169.877254 0.000000
