0.265879 0.868133
1.815929 0.613839
3.814717 0.000000
5.815047 0.664799
7.819537 9.015086
9.818675 7.587355
11.816103 9.281367
13.818567 7.595593
15.819635 0.363319
17.819208 0.311184
19.820276 0.363333
21.819773 0.322846
23.827333 0.311722
25.824945 0.262598
27.825086 5.166553
29.828175 0.363275
31.827992 5.255095
33.882182 4.753522
35.830815 7.444817
37.831032 0.790948
39.831164 6.929730
41.840824 3.296389
43.834116 0.994239
45.832345 4.376328
47.849763 5.636314
49.857174 4.841114
51.849288 2.689607
53.939116 0.258982
55.942797 0.305950
57.978099 3.454211
59.984876 1.085765
61.980398 4.549584
63.995318 3.731733
65.992964 5.961241
67.994827 8.169222
69.985779 6.119789
71.989702 4.121019
73.997805 0.158830
75.997852 0.000000
77.998260 0.000000
80.002291 0.124058
82.026883 1.039833
84.022909 5.567479
86.028718 0.142790
88.936027 0.042431
90.947144 3.097674
92.941587 5.121309
94.944409 3.190116
96.965547 0.196876
98.966379 2.409353
100.967269 5.508247
102.968825 2.185556
104.972366 0.047790
107.276190 2.353547
109.292685 5.365029
111.278077 4.257824
113.283452 3.815009
115.283858 2.498939
118.092150 0.251132
119.796629 4.737325
121.803275 2.531503
123.800758 2.275351
125.799321 1.433603
127.814326 0.175829
130.211253 0.155583
132.212438 0.103303
134.221736 0.051298
136.244869 0.259160
138.247175 0.259292
140.248457 0.189500
142.439133 0.000000
144.439454 0.000000
146.665160 0.000000
