0.018563 1.581407
1.816704 1.267231
3.819793 0.006515
5.818609 0.080179
7.818441 1.258949
9.818631 1.205046
11.822742 1.502209
13.822327 1.260520
15.823049 0.043139
17.826495 0.036943
19.831291 0.043253
21.825441 0.748819
23.827509 1.322391
25.825545 0.708121
27.830749 0.773860
29.829744 0.042853
31.830623 0.835228
33.836974 0.637355
35.834785 1.088992
37.834673 0.154632
39.834853 1.009720
41.838335 0.559682
43.838398 0.169780
45.837305 0.685565
48.572349 0.874239
49.852527 0.698678
51.888660 0.431199
53.944325 0.030882
55.942928 0.036388
57.978325 0.536063
59.985615 0.163506
61.983069 0.718547
63.991474 0.545632
65.988382 0.814215
67.993079 1.231824
69.995811 0.875948
71.993594 0.646805
74.029220 0.536307
76.005803 0.626707
78.008791 1.272893
80.004646 1.105891
82.027428 0.401586
84.027524 0.884633
86.027190 0.020722
89.005566 0.000000
90.948521 0.428803
92.946384 0.871688
94.946102 0.509073
96.969631 0.006171
98.969786 0.336269
100.970510 0.757193
102.970172 0.431214
105.006425 0.005750
107.281875 0.333679
109.282547 0.692099
111.631675 0.825468
113.286613 0.470639
115.293060 0.469400
117.801389 0.046443
119.796295 0.678949
121.801069 0.397143
123.819114 0.302716
125.803331 0.209674
127.811960 0.042916
130.211869 0.018521
132.211440 0.012068
134.224572 0.006078
136.255516 0.030945
138.250050 0.030844
140.251082 0.022527
