0.351713 0.086603
1.820817 0.078001
3.825306 0.000000
5.823149 0.023846
7.823928 0.000000
9.823033 0.000000
11.830087 0.000000
13.826748 0.009614
15.823775 0.060530
17.831078 0.070118
19.837722 0.070673
21.828626 0.060226
23.831122 0.050440
25.823601 0.059934
27.835833 0.020106
29.835233 0.060260
31.836580 0.029999
33.846658 0.010060
35.844626 0.010079
37.838941 0.060437
39.834437 0.000000
41.839625 0.000000
43.840844 0.030129
45.842241 0.040389
47.832932 0.019845
49.858676 0.010037
51.861346 0.028962
53.943446 0.050197
55.945606 0.059722
57.964991 0.029711
59.994597 0.050388
61.989138 0.020010
63.998142 0.010078
65.992692 0.010021
67.998493 0.000000
70.002268 0.030256
71.995302 0.029943
74.009178 0.019951
76.024129 0.000000
78.022185 0.000000
80.011732 0.029882
82.029676 0.030111
84.032294 0.010008
86.040743 0.027900
88.922462 0.009899
90.953017 0.000000
92.955474 0.000000
94.951629 0.019816
96.980363 0.020154
98.975012 0.019942
100.990933 0.010067
102.987552 0.017867
105.237490 0.009775
107.293831 0.010065
109.290837 0.008606
111.626322 0.012043
113.295346 0.030085
115.299694 0.008024
117.804594 0.020114
119.803204 0.000000
121.805059 0.000000
123.804596 0.020071
125.807503 0.030269
127.799661 0.026717
130.215646 0.027998
132.217708 0.020156
134.212226 0.019684
136.254513 0.040172
138.255914 0.050284
140.254591 0.036628
142.449679 0.010057
144.448244 0.000000
146.676885 0.000000
148.728048 0.000000
150.796495 0.000000
152.819374 0.000000
154.814612 0.000000
156.820297 0.000000
158.926061 0.000000
160.833385 0.000000
162.945857 0.000000
164.848570 0.000000
166.875391 0.000000
