0.059151 0.719593
1.826053 1.813615
3.828886 12.350122
5.829881 12.858077
7.826156 9.317172
9.824588 2.416021
11.817790 0.000000
13.831927 0.000000
15.818776 0.000000
17.819003 0.000000
19.834801 0.000000
21.832288 1.765524
23.836925 0.977160
25.829503 2.320393
27.837611 1.425549
29.840103 0.000000
31.841502 0.229240
33.851619 2.262587
35.830674 0.000000
37.842809 0.000000
39.839580 0.000000
41.846393 0.000000
43.849136 0.000000
45.846209 0.000000
47.848237 1.543288
49.860910 0.915169
51.863217 0.000000
53.938520 0.000000
55.955453 0.000000
57.969057 0.000000
59.978007 0.000000
61.993918 0.890622
64.005995 1.583366
65.993270 0.000000
67.987554 0.000000
69.990258 0.000000
72.003433 0.331666
74.010272 4.190441
75.997779 1.307644
78.024440 1.093942
80.018603 0.204151
82.022350 4.068878
84.069237 0.283428
86.048987 0.000000
88.905683 0.000000
90.989521 0.000000
92.956283 0.000000
94.956815 0.000000
96.986106 0.000000
98.978671 0.000000
100.966476 0.000000
102.976901 0.218578
105.241235 1.819362
107.342484 0.321286
109.280270 0.000000
111.279444 0.000000
113.294521 0.000000
115.306701 0.000000
117.806426 0.000000
119.809107 0.000000
121.815684 0.540426
123.805224 1.938402
125.799263 0.000000
127.805145 0.693297
130.242195 0.298962
132.242228 0.000000
138.269400 0.000000
140.262590 0.000000
142.448853 0.000000
